5 3 7
1 1 1 1 1
1 1
1 2
2 1
2 2
2 3
4 3
5 3
5 3 7
8 8 8 8 8
1 1
1 2
2 1
2 2
2 3
4 3
5 3
5 5 20
8 8 8 8 8
1 2
1 3
1 4
1 5
2 1
2 3
2 4
2 5
3 1
3 2
3 4
3 5
4 1
4 2
4 3
4 5
5 1
5 2
5 3
5 4
9 5 9
1 1 1 1 1 1 1 2 2
1 2
1 3
1 4
1 5
2 1
2 3
2 4
3 5
5 4
99 99 5
2 1 2 3 2 1 2 3 5 2 2 1 2 3 2 1 2 3 5 2 2 1 2 3 2 1 2 3 5 2 2 1 2 3 2 1 2 3 5 2 2 1 2 3 2 1 2 3 5 2 2 1 2 3 2 1 2 3 5 2 2 1 2 3 2 1 2 3 5 2 2 1 2 3 2 1 2 3 5 2 2 1 2 3 2 1 2 3 5 2 2 1 2 3 2 1 2 3 5
1 2
1 5
1 98
2 50
3 90
5 3 7
1 1 1 1 1
1 1
1 2
2 1
2 2
2 3
4 3
5 3
100 100 9
2 1 2 3 2 1 2 3 5 2 2 1 2 3 2 1 2 3 5 2 2 1 2 3 2 1 2 3 5 2 2 1 2 3 2 1 2 3 5 2 2 1 2 3 2 1 2 3 5 2 2 1 2 3 2 1 2 3 5 2 2 1 2 3 2 1 2 3 5 2 2 1 2 3 2 1 2 3 5 2 2 1 2 3 2 1 2 3 5 2 2 1 2 3 2 1 2 3 5
1 2
1 5
1 98
2 50
3 90
5 7
5 9
11 99
44 21
