2 2
5 5
5 5
3 3
8 8 6
8 6 8
16 16 6
100 100
13 43 134 54 23 4 1293919 12883 19293 1231231112 13 43 134 54 23 4 1293919 12883 19293 1231231112 13 43 134 54 23 4 1293919 12883 19293 1231231112 13 43 134 54 23 4 1293919 12883 19293 1231231112 13 43 134 54 23 4 1293919 12883 19293 1231231112 13 43 134 54 23 4 1293919 12883 19293 1231231112 13 43 134 54 23 4 1293919 12883 19293 1231231112 13 43 134 54 23 4 1293919 12883 19293 1231231112 13 43 134 54 23 4 1293919 12883 19293 1231231112 13 43 134 54 23 4 1293919 12883 19293 1231231112 
13 43 134 54 23 4 1293919 12883 19293 1231231112 13 43 134 54 23 4 1293919 12883 19293 1231231112 13 43 134 54 23 4 1293919 12883 19293 1231231112 13 43 134 54 23 4 1293919 12883 19293 1231231112 13 43 134 54 23 4 1293919 12883 19293 1231231112 13 43 134 54 23 4 1293919 12883 19293 1231231112 13 43 134 54 23 4 1293919 12883 19293 1231231112 13 43 134 54 23 4 1293919 12883 19293 1231231112 13 43 134 54 23 4 1293919 12883 19293 1231231112 13 43 134 54 23 4 1293919 12883 19293 1231231112
13 43 134 54 23 4 1293919 12883 19293 1231231112 13 43 134 54 23 4 1293919 12883 19293 1231231112 13 43 134 54 23 4 1293919 12883 19293 1231231112 13 43 134 54 23 4 1293919 12883 19293 1231231112 13 43 134 54 23 4 1293919 12883 19293 1231231112 13 43 134 54 23 4 1293919 12883 19293 1231231112 13 43 134 54 23 4 1293919 12883 19293 1231231112 13 43 134 54 23 4 1293919 12883 19293 1231231112 13 43 134 54 23 4 1293919 12883 19293 1231231112 13 43 134 54 23 4 1293919 12883 19293 1231231112 
13 43 134 54 23 4 1293919 12883 19293 1231231112 13 43 134 54 23 4 1293919 12883 19293 1231231112 13 43 134 54 23 4 1293919 12883 19293 1231231112 13 43 134 54 23 4 1293919 12883 19293 1231231112 13 43 134 54 23 4 1293919 12883 19293 1231231112 13 43 134 54 23 4 1293919 12883 19293 1231231112 13 43 134 54 23 4 1293919 12883 19293 1231231112 13 43 134 54 23 4 1293919 12883 19293 1231231112 13 43 134 54 23 4 1293919 12883 19293 1231231112 13 43 134 54 23 4 1293919 12883 19293 1231231112 
13 43 134 54 23 4 1293919 12883 19293 1231231112 13 43 134 54 23 4 1293919 12883 19293 1231231112 13 43 134 54 23 4 1293919 12883 19293 1231231112 13 43 134 54 23 4 1293919 12883 19293 1231231112 13 43 134 54 23 4 1293919 12883 19293 1231231112 13 43 134 54 23 4 1293919 12883 19293 1231231112 13 43 134 54 23 4 1293919 12883 19293 1231231112 13 43 134 54 23 4 1293919 12883 19293 1231231112 13 43 134 54 23 4 1293919 12883 19293 1231231112 13 43 134 54 23 4 1293919 12883 19293 1231231112 
13 43 134 54 23 4 1293919 12883 19293 1231231112 13 43 134 54 23 4 1293919 12883 19293 1231231112 13 43 134 54 23 4 1293919 12883 19293 1231231112 13 43 134 54 23 4 1293919 12883 19293 1231231112 13 43 134 54 23 4 1293919 12883 19293 1231231112 13 43 134 54 23 4 1293919 12883 19293 1231231112 13 43 134 54 23 4 1293919 12883 19293 1231231112 13 43 134 54 23 4 1293919 12883 19293 1231231112 13 43 134 54 23 4 1293919 12883 19293 1231231112 13 43 134 54 23 4 1293919 12883 19293 1231231112 
13 43 134 54 23 4 1293919 12883 19293 1231231112 13 43 134 54 23 4 1293919 12883 19293 1231231112 13 43 134 54 23 4 1293919 12883 19293 1231231112 13 43 134 54 23 4 1293919 12883 19293 1231231112 13 43 134 54 23 4 1293919 12883 19293 1231231112 13 43 134 54 23 4 1293919 12883 19293 1231231112 13 43 134 54 23 4 1293919 12883 19293 1231231112 13 43 134 54 23 4 1293919 12883 19293 1231231112 13 43 134 54 23 4 1293919 12883 19293 1231231112 13 43 134 54 23 4 1293919 12883 19293 1231231112 
13 43 134 54 23 4 1293919 12883 19293 1231231112 13 43 134 54 23 4 1293919 12883 19293 1231231112 13 43 134 54 23 4 1293919 12883 19293 1231231112 13 43 134 54 23 4 1293919 12883 19293 1231231112 13 43 134 54 23 4 1293919 12883 19293 1231231112 13 43 134 54 23 4 1293919 12883 19293 1231231112 13 43 134 54 23 4 1293919 12883 19293 1231231112 13 43 134 54 23 4 1293919 12883 19293 1231231112 13 43 134 54 23 4 1293919 12883 19293 1231231112 13 43 134 54 23 4 1293919 12883 19293 1231231112 
13 43 134 54 23 4 1293919 12883 19293 1231231112 13 43 134 54 23 4 1293919 12883 19293 1231231112 13 43 134 54 23 4 1293919 12883 19293 1231231112 13 43 134 54 23 4 1293919 12883 19293 1231231112 13 43 134 54 23 4 1293919 12883 19293 1231231112 13 43 134 54 23 4 1293919 12883 19293 1231231112 13 43 134 54 23 4 1293919 12883 19293 1231231112 13 43 134 54 23 4 1293919 12883 19293 1231231112 13 43 134 54 23 4 1293919 12883 19293 1231231112 13 43 134 54 23 4 1293919 12883 19293 1231231112 
13 43 134 54 23 4 1293919 12883 19293 1231231112 13 43 134 54 23 4 1293919 12883 19293 1231231112 13 43 134 54 23 4 1293919 12883 19293 1231231112 13 43 134 54 23 4 1293919 12883 19293 1231231112 13 43 134 54 23 4 1293919 12883 19293 1231231112 13 43 134 54 23 4 1293919 12883 19293 1231231112 13 43 134 54 23 4 1293919 12883 19293 1231231112 13 43 134 54 23 4 1293919 12883 19293 1231231112 13 43 134 54 23 4 1293919 12883 19293 1231231112 13 43 134 54 23 4 1293919 12883 19293 1231231112 
13 43 134 54 23 4 1293919 12883 19293 1231231112 13 43 134 54 23 4 1293919 12883 19293 1231231112 13 43 134 54 23 4 1293919 12883 19293 1231231112 13 43 134 54 23 4 1293919 12883 19293 1231231112 13 43 134 54 23 4 1293919 12883 19293 1231231112 13 43 134 54 23 4 1293919 12883 19293 1231231112 13 43 134 54 23 4 1293919 12883 19293 1231231112 13 43 134 54 23 4 1293919 12883 19293 1231231112 13 43 134 54 23 4 1293919 12883 19293 1231231112 13 43 134 54 23 4 1293919 12883 19293 1231231112 
13 43 134 54 23 4 1293919 12883 19293 1231231112 13 43 134 54 23 4 1293919 12883 19293 1231231112 13 43 134 54 23 4 1293919 12883 19293 1231231112 13 43 134 54 23 4 1293919 12883 19293 1231231112 13 43 134 54 23 4 1293919 12883 19293 1231231112 13 43 134 54 23 4 1293919 12883 19293 1231231112 13 43 134 54 23 4 1293919 12883 19293 1231231112 13 43 134 54 23 4 1293919 12883 19293 1231231112 13 43 134 54 23 4 1293919 12883 19293 1231231112 13 43 134 54 23 4 1293919 12883 19293 1231231112
13 43 134 54 23 4 1293919 12883 19293 1231231112 13 43 134 54 23 4 1293919 12883 19293 1231231112 13 43 134 54 23 4 1293919 12883 19293 1231231112 13 43 134 54 23 4 1293919 12883 19293 1231231112 13 43 134 54 23 4 1293919 12883 19293 1231231112 13 43 134 54 23 4 1293919 12883 19293 1231231112 13 43 134 54 23 4 1293919 12883 19293 1231231112 13 43 134 54 23 4 1293919 12883 19293 1231231112 13 43 134 54 23 4 1293919 12883 19293 1231231112 13 43 134 54 23 4 1293919 12883 19293 1231231112 
13 43 134 54 23 4 1293919 12883 19293 1231231112 13 43 134 54 23 4 1293919 12883 19293 1231231112 13 43 134 54 23 4 1293919 12883 19293 1231231112 13 43 134 54 23 4 1293919 12883 19293 1231231112 13 43 134 54 23 4 1293919 12883 19293 1231231112 13 43 134 54 23 4 1293919 12883 19293 1231231112 13 43 134 54 23 4 1293919 12883 19293 1231231112 13 43 134 54 23 4 1293919 12883 19293 1231231112 13 43 134 54 23 4 1293919 12883 19293 1231231112 13 43 134 54 23 4 1293919 12883 19293 1231231112 
13 43 134 54 23 4 1293919 12883 19293 1231231112 13 43 134 54 23 4 1293919 12883 19293 1231231112 13 43 134 54 23 4 1293919 12883 19293 1231231112 13 43 134 54 23 4 1293919 12883 19293 1231231112 13 43 134 54 23 4 1293919 12883 19293 1231231112 13 43 134 54 23 4 1293919 12883 19293 1231231112 13 43 134 54 23 4 1293919 12883 19293 1231231112 13 43 134 54 23 4 1293919 12883 19293 1231231112 13 43 134 54 23 4 1293919 12883 19293 1231231112 13 43 134 54 23 4 1293919 12883 19293 1231231112 
13 43 134 54 23 4 1293919 12883 19293 1231231112 13 43 134 54 23 4 1293919 12883 19293 1231231112 13 43 134 54 23 4 1293919 12883 19293 1231231112 13 43 134 54 23 4 1293919 12883 19293 1231231112 13 43 134 54 23 4 1293919 12883 19293 1231231112 13 43 134 54 23 4 1293919 12883 19293 1231231112 13 43 134 54 23 4 1293919 12883 19293 1231231112 13 43 134 54 23 4 1293919 12883 19293 1231231112 13 43 134 54 23 4 1293919 12883 19293 1231231112 13 43 134 54 23 4 1293919 12883 19293 1231231112 
13 43 134 54 23 4 1293919 12883 19293 1231231112 13 43 134 54 23 4 1293919 12883 19293 1231231112 13 43 134 54 23 4 1293919 12883 19293 1231231112 13 43 134 54 23 4 1293919 12883 19293 1231231112 13 43 134 54 23 4 1293919 12883 19293 1231231112 13 43 134 54 23 4 1293919 12883 19293 1231231112 13 43 134 54 23 4 1293919 12883 19293 1231231112 13 43 134 54 23 4 1293919 12883 19293 1231231112 13 43 134 54 23 4 1293919 12883 19293 1231231112 13 43 134 54 23 4 1293919 12883 19293 1231231112 
13 43 134 54 23 4 1293919 12883 19293 1231231112 13 43 134 54 23 4 1293919 12883 19293 1231231112 13 43 134 54 23 4 1293919 12883 19293 1231231112 13 43 134 54 23 4 1293919 12883 19293 1231231112 13 43 134 54 23 4 1293919 12883 19293 1231231112 13 43 134 54 23 4 1293919 12883 19293 1231231112 13 43 134 54 23 4 1293919 12883 19293 1231231112 13 43 134 54 23 4 1293919 12883 19293 1231231112 13 43 134 54 23 4 1293919 12883 19293 1231231112 13 43 134 54 23 4 1293919 12883 19293 1231231112 
13 43 134 54 23 4 1293919 12883 19293 1231231112 13 43 134 54 23 4 1293919 12883 19293 1231231112 13 43 134 54 23 4 1293919 12883 19293 1231231112 13 43 134 54 23 4 1293919 12883 19293 1231231112 13 43 134 54 23 4 1293919 12883 19293 1231231112 13 43 134 54 23 4 1293919 12883 19293 1231231112 13 43 134 54 23 4 1293919 12883 19293 1231231112 13 43 134 54 23 4 1293919 12883 19293 1231231112 13 43 134 54 23 4 1293919 12883 19293 1231231112 13 43 134 54 23 4 1293919 12883 19293 1231231112 
13 43 134 54 23 4 1293919 12883 19293 1231231112 13 43 134 54 23 4 1293919 12883 19293 1231231112 13 43 134 54 23 4 1293919 12883 19293 1231231112 13 43 134 54 23 4 1293919 12883 19293 1231231112 13 43 134 54 23 4 1293919 12883 19293 1231231112 13 43 134 54 23 4 1293919 12883 19293 1231231112 13 43 134 54 23 4 1293919 12883 19293 1231231112 13 43 134 54 23 4 1293919 12883 19293 1231231112 13 43 134 54 23 4 1293919 12883 19293 1231231112 13 43 134 54 23 4 1293919 12883 19293 1231231112 
13 43 134 54 23 4 1293919 12883 19293 1231231112 13 43 134 54 23 4 1293919 12883 19293 1231231112 13 43 134 54 23 4 1293919 12883 19293 1231231112 13 43 134 54 23 4 1293919 12883 19293 1231231112 13 43 134 54 23 4 1293919 12883 19293 1231231112 13 43 134 54 23 4 1293919 12883 19293 1231231112 13 43 134 54 23 4 1293919 12883 19293 1231231112 13 43 134 54 23 4 1293919 12883 19293 1231231112 13 43 134 54 23 4 1293919 12883 19293 1231231112 13 43 134 54 23 4 1293919 12883 19293 1231231112 
13 43 134 54 23 4 1293919 12883 19293 1231231112 13 43 134 54 23 4 1293919 12883 19293 1231231112 13 43 134 54 23 4 1293919 12883 19293 1231231112 13 43 134 54 23 4 1293919 12883 19293 1231231112 13 43 134 54 23 4 1293919 12883 19293 1231231112 13 43 134 54 23 4 1293919 12883 19293 1231231112 13 43 134 54 23 4 1293919 12883 19293 1231231112 13 43 134 54 23 4 1293919 12883 19293 1231231112 13 43 134 54 23 4 1293919 12883 19293 1231231112 13 43 134 54 23 4 1293919 12883 19293 1231231112
13 43 134 54 23 4 1293919 12883 19293 1231231112 13 43 134 54 23 4 1293919 12883 19293 1231231112 13 43 134 54 23 4 1293919 12883 19293 1231231112 13 43 134 54 23 4 1293919 12883 19293 1231231112 13 43 134 54 23 4 1293919 12883 19293 1231231112 13 43 134 54 23 4 1293919 12883 19293 1231231112 13 43 134 54 23 4 1293919 12883 19293 1231231112 13 43 134 54 23 4 1293919 12883 19293 1231231112 13 43 134 54 23 4 1293919 12883 19293 1231231112 13 43 134 54 23 4 1293919 12883 19293 1231231112 
13 43 134 54 23 4 1293919 12883 19293 1231231112 13 43 134 54 23 4 1293919 12883 19293 1231231112 13 43 134 54 23 4 1293919 12883 19293 1231231112 13 43 134 54 23 4 1293919 12883 19293 1231231112 13 43 134 54 23 4 1293919 12883 19293 1231231112 13 43 134 54 23 4 1293919 12883 19293 1231231112 13 43 134 54 23 4 1293919 12883 19293 1231231112 13 43 134 54 23 4 1293919 12883 19293 1231231112 13 43 134 54 23 4 1293919 12883 19293 1231231112 13 43 134 54 23 4 1293919 12883 19293 1231231112 
13 43 134 54 23 4 1293919 12883 19293 1231231112 13 43 134 54 23 4 1293919 12883 19293 1231231112 13 43 134 54 23 4 1293919 12883 19293 1231231112 13 43 134 54 23 4 1293919 12883 19293 1231231112 13 43 134 54 23 4 1293919 12883 19293 1231231112 13 43 134 54 23 4 1293919 12883 19293 1231231112 13 43 134 54 23 4 1293919 12883 19293 1231231112 13 43 134 54 23 4 1293919 12883 19293 1231231112 13 43 134 54 23 4 1293919 12883 19293 1231231112 13 43 134 54 23 4 1293919 12883 19293 1231231112 
13 43 134 54 23 4 1293919 12883 19293 1231231112 13 43 134 54 23 4 1293919 12883 19293 1231231112 13 43 134 54 23 4 1293919 12883 19293 1231231112 13 43 134 54 23 4 1293919 12883 19293 1231231112 13 43 134 54 23 4 1293919 12883 19293 1231231112 13 43 134 54 23 4 1293919 12883 19293 1231231112 13 43 134 54 23 4 1293919 12883 19293 1231231112 13 43 134 54 23 4 1293919 12883 19293 1231231112 13 43 134 54 23 4 1293919 12883 19293 1231231112 13 43 134 54 23 4 1293919 12883 19293 1231231112 
13 43 134 54 23 4 1293919 12883 19293 1231231112 13 43 134 54 23 4 1293919 12883 19293 1231231112 13 43 134 54 23 4 1293919 12883 19293 1231231112 13 43 134 54 23 4 1293919 12883 19293 1231231112 13 43 134 54 23 4 1293919 12883 19293 1231231112 13 43 134 54 23 4 1293919 12883 19293 1231231112 13 43 134 54 23 4 1293919 12883 19293 1231231112 13 43 134 54 23 4 1293919 12883 19293 1231231112 13 43 134 54 23 4 1293919 12883 19293 1231231112 13 43 134 54 23 4 1293919 12883 19293 1231231112 
13 43 134 54 23 4 1293919 12883 19293 1231231112 13 43 134 54 23 4 1293919 12883 19293 1231231112 13 43 134 54 23 4 1293919 12883 19293 1231231112 13 43 134 54 23 4 1293919 12883 19293 1231231112 13 43 134 54 23 4 1293919 12883 19293 1231231112 13 43 134 54 23 4 1293919 12883 19293 1231231112 13 43 134 54 23 4 1293919 12883 19293 1231231112 13 43 134 54 23 4 1293919 12883 19293 1231231112 13 43 134 54 23 4 1293919 12883 19293 1231231112 13 43 134 54 23 4 1293919 12883 19293 1231231112 
13 43 134 54 23 4 1293919 12883 19293 1231231112 13 43 134 54 23 4 1293919 12883 19293 1231231112 13 43 134 54 23 4 1293919 12883 19293 1231231112 13 43 134 54 23 4 1293919 12883 19293 1231231112 13 43 134 54 23 4 1293919 12883 19293 1231231112 13 43 134 54 23 4 1293919 12883 19293 1231231112 13 43 134 54 23 4 1293919 12883 19293 1231231112 13 43 134 54 23 4 1293919 12883 19293 1231231112 13 43 134 54 23 4 1293919 12883 19293 1231231112 13 43 134 54 23 4 1293919 12883 19293 1231231112 
13 43 134 54 23 4 1293919 12883 19293 1231231112 13 43 134 54 23 4 1293919 12883 19293 1231231112 13 43 134 54 23 4 1293919 12883 19293 1231231112 13 43 134 54 23 4 1293919 12883 19293 1231231112 13 43 134 54 23 4 1293919 12883 19293 1231231112 13 43 134 54 23 4 1293919 12883 19293 1231231112 13 43 134 54 23 4 1293919 12883 19293 1231231112 13 43 134 54 23 4 1293919 12883 19293 1231231112 13 43 134 54 23 4 1293919 12883 19293 1231231112 13 43 134 54 23 4 1293919 12883 19293 1231231112 
13 43 134 54 23 4 1293919 12883 19293 1231231112 13 43 134 54 23 4 1293919 12883 19293 1231231112 13 43 134 54 23 4 1293919 12883 19293 1231231112 13 43 134 54 23 4 1293919 12883 19293 1231231112 13 43 134 54 23 4 1293919 12883 19293 1231231112 13 43 134 54 23 4 1293919 12883 19293 1231231112 13 43 134 54 23 4 1293919 12883 19293 1231231112 13 43 134 54 23 4 1293919 12883 19293 1231231112 13 43 134 54 23 4 1293919 12883 19293 1231231112 13 43 134 54 23 4 1293919 12883 19293 1231231112 
13 43 134 54 23 4 1293919 12883 19293 1231231112 13 43 134 54 23 4 1293919 12883 19293 1231231112 13 43 134 54 23 4 1293919 12883 19293 1231231112 13 43 134 54 23 4 1293919 12883 19293 1231231112 13 43 134 54 23 4 1293919 12883 19293 1231231112 13 43 134 54 23 4 1293919 12883 19293 1231231112 13 43 134 54 23 4 1293919 12883 19293 1231231112 13 43 134 54 23 4 1293919 12883 19293 1231231112 13 43 134 54 23 4 1293919 12883 19293 1231231112 13 43 134 54 23 4 1293919 12883 19293 1231231112
13 43 134 54 23 4 1293919 12883 19293 1231231112 13 43 134 54 23 4 1293919 12883 19293 1231231112 13 43 134 54 23 4 1293919 12883 19293 1231231112 13 43 134 54 23 4 1293919 12883 19293 1231231112 13 43 134 54 23 4 1293919 12883 19293 1231231112 13 43 134 54 23 4 1293919 12883 19293 1231231112 13 43 134 54 23 4 1293919 12883 19293 1231231112 13 43 134 54 23 4 1293919 12883 19293 1231231112 13 43 134 54 23 4 1293919 12883 19293 1231231112 13 43 134 54 23 4 1293919 12883 19293 1231231112 
13 43 134 54 23 4 1293919 12883 19293 1231231112 13 43 134 54 23 4 1293919 12883 19293 1231231112 13 43 134 54 23 4 1293919 12883 19293 1231231112 13 43 134 54 23 4 1293919 12883 19293 1231231112 13 43 134 54 23 4 1293919 12883 19293 1231231112 13 43 134 54 23 4 1293919 12883 19293 1231231112 13 43 134 54 23 4 1293919 12883 19293 1231231112 13 43 134 54 23 4 1293919 12883 19293 1231231112 13 43 134 54 23 4 1293919 12883 19293 1231231112 13 43 134 54 23 4 1293919 12883 19293 1231231112 
13 43 134 54 23 4 1293919 12883 19293 1231231112 13 43 134 54 23 4 1293919 12883 19293 1231231112 13 43 134 54 23 4 1293919 12883 19293 1231231112 13 43 134 54 23 4 1293919 12883 19293 1231231112 13 43 134 54 23 4 1293919 12883 19293 1231231112 13 43 134 54 23 4 1293919 12883 19293 1231231112 13 43 134 54 23 4 1293919 12883 19293 1231231112 13 43 134 54 23 4 1293919 12883 19293 1231231112 13 43 134 54 23 4 1293919 12883 19293 1231231112 13 43 134 54 23 4 1293919 12883 19293 1231231112 
13 43 134 54 23 4 1293919 12883 19293 1231231112 13 43 134 54 23 4 1293919 12883 19293 1231231112 13 43 134 54 23 4 1293919 12883 19293 1231231112 13 43 134 54 23 4 1293919 12883 19293 1231231112 13 43 134 54 23 4 1293919 12883 19293 1231231112 13 43 134 54 23 4 1293919 12883 19293 1231231112 13 43 134 54 23 4 1293919 12883 19293 1231231112 13 43 134 54 23 4 1293919 12883 19293 1231231112 13 43 134 54 23 4 1293919 12883 19293 1231231112 13 43 134 54 23 4 1293919 12883 19293 1231231112 
13 43 134 54 23 4 1293919 12883 19293 1231231112 13 43 134 54 23 4 1293919 12883 19293 1231231112 13 43 134 54 23 4 1293919 12883 19293 1231231112 13 43 134 54 23 4 1293919 12883 19293 1231231112 13 43 134 54 23 4 1293919 12883 19293 1231231112 13 43 134 54 23 4 1293919 12883 19293 1231231112 13 43 134 54 23 4 1293919 12883 19293 1231231112 13 43 134 54 23 4 1293919 12883 19293 1231231112 13 43 134 54 23 4 1293919 12883 19293 1231231112 13 43 134 54 23 4 1293919 12883 19293 1231231112 
13 43 134 54 23 4 1293919 12883 19293 1231231112 13 43 134 54 23 4 1293919 12883 19293 1231231112 13 43 134 54 23 4 1293919 12883 19293 1231231112 13 43 134 54 23 4 1293919 12883 19293 1231231112 13 43 134 54 23 4 1293919 12883 19293 1231231112 13 43 134 54 23 4 1293919 12883 19293 1231231112 13 43 134 54 23 4 1293919 12883 19293 1231231112 13 43 134 54 23 4 1293919 12883 19293 1231231112 13 43 134 54 23 4 1293919 12883 19293 1231231112 13 43 134 54 23 4 1293919 12883 19293 1231231112 
13 43 134 54 23 4 1293919 12883 19293 1231231112 13 43 134 54 23 4 1293919 12883 19293 1231231112 13 43 134 54 23 4 1293919 12883 19293 1231231112 13 43 134 54 23 4 1293919 12883 19293 1231231112 13 43 134 54 23 4 1293919 12883 19293 1231231112 13 43 134 54 23 4 1293919 12883 19293 1231231112 13 43 134 54 23 4 1293919 12883 19293 1231231112 13 43 134 54 23 4 1293919 12883 19293 1231231112 13 43 134 54 23 4 1293919 12883 19293 1231231112 13 43 134 54 23 4 1293919 12883 19293 1231231112 
13 43 134 54 23 4 1293919 12883 19293 1231231112 13 43 134 54 23 4 1293919 12883 19293 1231231112 13 43 134 54 23 4 1293919 12883 19293 1231231112 13 43 134 54 23 4 1293919 12883 19293 1231231112 13 43 134 54 23 4 1293919 12883 19293 1231231112 13 43 134 54 23 4 1293919 12883 19293 1231231112 13 43 134 54 23 4 1293919 12883 19293 1231231112 13 43 134 54 23 4 1293919 12883 19293 1231231112 13 43 134 54 23 4 1293919 12883 19293 1231231112 13 43 134 54 23 4 1293919 12883 19293 1231231112 
13 43 134 54 23 4 1293919 12883 19293 1231231112 13 43 134 54 23 4 1293919 12883 19293 1231231112 13 43 134 54 23 4 1293919 12883 19293 1231231112 13 43 134 54 23 4 1293919 12883 19293 1231231112 13 43 134 54 23 4 1293919 12883 19293 1231231112 13 43 134 54 23 4 1293919 12883 19293 1231231112 13 43 134 54 23 4 1293919 12883 19293 1231231112 13 43 134 54 23 4 1293919 12883 19293 1231231112 13 43 134 54 23 4 1293919 12883 19293 1231231112 13 43 134 54 23 4 1293919 12883 19293 1231231112 
13 43 134 54 23 4 1293919 12883 19293 1231231112 13 43 134 54 23 4 1293919 12883 19293 1231231112 13 43 134 54 23 4 1293919 12883 19293 1231231112 13 43 134 54 23 4 1293919 12883 19293 1231231112 13 43 134 54 23 4 1293919 12883 19293 1231231112 13 43 134 54 23 4 1293919 12883 19293 1231231112 13 43 134 54 23 4 1293919 12883 19293 1231231112 13 43 134 54 23 4 1293919 12883 19293 1231231112 13 43 134 54 23 4 1293919 12883 19293 1231231112 13 43 134 54 23 4 1293919 12883 19293 1231231112
13 43 134 54 23 4 1293919 12883 19293 1231231112 13 43 134 54 23 4 1293919 12883 19293 1231231112 13 43 134 54 23 4 1293919 12883 19293 1231231112 13 43 134 54 23 4 1293919 12883 19293 1231231112 13 43 134 54 23 4 1293919 12883 19293 1231231112 13 43 134 54 23 4 1293919 12883 19293 1231231112 13 43 134 54 23 4 1293919 12883 19293 1231231112 13 43 134 54 23 4 1293919 12883 19293 1231231112 13 43 134 54 23 4 1293919 12883 19293 1231231112 13 43 134 54 23 4 1293919 12883 19293 1231231112 
13 43 134 54 23 4 1293919 12883 19293 1231231112 13 43 134 54 23 4 1293919 12883 19293 1231231112 13 43 134 54 23 4 1293919 12883 19293 1231231112 13 43 134 54 23 4 1293919 12883 19293 1231231112 13 43 134 54 23 4 1293919 12883 19293 1231231112 13 43 134 54 23 4 1293919 12883 19293 1231231112 13 43 134 54 23 4 1293919 12883 19293 1231231112 13 43 134 54 23 4 1293919 12883 19293 1231231112 13 43 134 54 23 4 1293919 12883 19293 1231231112 13 43 134 54 23 4 1293919 12883 19293 1231231112 
13 43 134 54 23 4 1293919 12883 19293 1231231112 13 43 134 54 23 4 1293919 12883 19293 1231231112 13 43 134 54 23 4 1293919 12883 19293 1231231112 13 43 134 54 23 4 1293919 12883 19293 1231231112 13 43 134 54 23 4 1293919 12883 19293 1231231112 13 43 134 54 23 4 1293919 12883 19293 1231231112 13 43 134 54 23 4 1293919 12883 19293 1231231112 13 43 134 54 23 4 1293919 12883 19293 1231231112 13 43 134 54 23 4 1293919 12883 19293 1231231112 13 43 134 54 23 4 1293919 12883 19293 1231231112 
13 43 134 54 23 4 1293919 12883 19293 1231231112 13 43 134 54 23 4 1293919 12883 19293 1231231112 13 43 134 54 23 4 1293919 12883 19293 1231231112 13 43 134 54 23 4 1293919 12883 19293 1231231112 13 43 134 54 23 4 1293919 12883 19293 1231231112 13 43 134 54 23 4 1293919 12883 19293 1231231112 13 43 134 54 23 4 1293919 12883 19293 1231231112 13 43 134 54 23 4 1293919 12883 19293 1231231112 13 43 134 54 23 4 1293919 12883 19293 1231231112 13 43 134 54 23 4 1293919 12883 19293 1231231112 
13 43 134 54 23 4 1293919 12883 19293 1231231112 13 43 134 54 23 4 1293919 12883 19293 1231231112 13 43 134 54 23 4 1293919 12883 19293 1231231112 13 43 134 54 23 4 1293919 12883 19293 1231231112 13 43 134 54 23 4 1293919 12883 19293 1231231112 13 43 134 54 23 4 1293919 12883 19293 1231231112 13 43 134 54 23 4 1293919 12883 19293 1231231112 13 43 134 54 23 4 1293919 12883 19293 1231231112 13 43 134 54 23 4 1293919 12883 19293 1231231112 13 43 134 54 23 4 1293919 12883 19293 1231231112 
13 43 134 54 23 4 1293919 12883 19293 1231231112 13 43 134 54 23 4 1293919 12883 19293 1231231112 13 43 134 54 23 4 1293919 12883 19293 1231231112 13 43 134 54 23 4 1293919 12883 19293 1231231112 13 43 134 54 23 4 1293919 12883 19293 1231231112 13 43 134 54 23 4 1293919 12883 19293 1231231112 13 43 134 54 23 4 1293919 12883 19293 1231231112 13 43 134 54 23 4 1293919 12883 19293 1231231112 13 43 134 54 23 4 1293919 12883 19293 1231231112 13 43 134 54 23 4 1293919 12883 19293 1231231112 
13 43 134 54 23 4 1293919 12883 19293 1231231112 13 43 134 54 23 4 1293919 12883 19293 1231231112 13 43 134 54 23 4 1293919 12883 19293 1231231112 13 43 134 54 23 4 1293919 12883 19293 1231231112 13 43 134 54 23 4 1293919 12883 19293 1231231112 13 43 134 54 23 4 1293919 12883 19293 1231231112 13 43 134 54 23 4 1293919 12883 19293 1231231112 13 43 134 54 23 4 1293919 12883 19293 1231231112 13 43 134 54 23 4 1293919 12883 19293 1231231112 13 43 134 54 23 4 1293919 12883 19293 1231231112 
13 43 134 54 23 4 1293919 12883 19293 1231231112 13 43 134 54 23 4 1293919 12883 19293 1231231112 13 43 134 54 23 4 1293919 12883 19293 1231231112 13 43 134 54 23 4 1293919 12883 19293 1231231112 13 43 134 54 23 4 1293919 12883 19293 1231231112 13 43 134 54 23 4 1293919 12883 19293 1231231112 13 43 134 54 23 4 1293919 12883 19293 1231231112 13 43 134 54 23 4 1293919 12883 19293 1231231112 13 43 134 54 23 4 1293919 12883 19293 1231231112 13 43 134 54 23 4 1293919 12883 19293 1231231112 
13 43 134 54 23 4 1293919 12883 19293 1231231112 13 43 134 54 23 4 1293919 12883 19293 1231231112 13 43 134 54 23 4 1293919 12883 19293 1231231112 13 43 134 54 23 4 1293919 12883 19293 1231231112 13 43 134 54 23 4 1293919 12883 19293 1231231112 13 43 134 54 23 4 1293919 12883 19293 1231231112 13 43 134 54 23 4 1293919 12883 19293 1231231112 13 43 134 54 23 4 1293919 12883 19293 1231231112 13 43 134 54 23 4 1293919 12883 19293 1231231112 13 43 134 54 23 4 1293919 12883 19293 1231231112 
13 43 134 54 23 4 1293919 12883 19293 1231231112 13 43 134 54 23 4 1293919 12883 19293 1231231112 13 43 134 54 23 4 1293919 12883 19293 1231231112 13 43 134 54 23 4 1293919 12883 19293 1231231112 13 43 134 54 23 4 1293919 12883 19293 1231231112 13 43 134 54 23 4 1293919 12883 19293 1231231112 13 43 134 54 23 4 1293919 12883 19293 1231231112 13 43 134 54 23 4 1293919 12883 19293 1231231112 13 43 134 54 23 4 1293919 12883 19293 1231231112 13 43 134 54 23 4 1293919 12883 19293 1231231112
13 43 134 54 23 4 1293919 12883 19293 1231231112 13 43 134 54 23 4 1293919 12883 19293 1231231112 13 43 134 54 23 4 1293919 12883 19293 1231231112 13 43 134 54 23 4 1293919 12883 19293 1231231112 13 43 134 54 23 4 1293919 12883 19293 1231231112 13 43 134 54 23 4 1293919 12883 19293 1231231112 13 43 134 54 23 4 1293919 12883 19293 1231231112 13 43 134 54 23 4 1293919 12883 19293 1231231112 13 43 134 54 23 4 1293919 12883 19293 1231231112 13 43 134 54 23 4 1293919 12883 19293 1231231112 
13 43 134 54 23 4 1293919 12883 19293 1231231112 13 43 134 54 23 4 1293919 12883 19293 1231231112 13 43 134 54 23 4 1293919 12883 19293 1231231112 13 43 134 54 23 4 1293919 12883 19293 1231231112 13 43 134 54 23 4 1293919 12883 19293 1231231112 13 43 134 54 23 4 1293919 12883 19293 1231231112 13 43 134 54 23 4 1293919 12883 19293 1231231112 13 43 134 54 23 4 1293919 12883 19293 1231231112 13 43 134 54 23 4 1293919 12883 19293 1231231112 13 43 134 54 23 4 1293919 12883 19293 1231231112 
13 43 134 54 23 4 1293919 12883 19293 1231231112 13 43 134 54 23 4 1293919 12883 19293 1231231112 13 43 134 54 23 4 1293919 12883 19293 1231231112 13 43 134 54 23 4 1293919 12883 19293 1231231112 13 43 134 54 23 4 1293919 12883 19293 1231231112 13 43 134 54 23 4 1293919 12883 19293 1231231112 13 43 134 54 23 4 1293919 12883 19293 1231231112 13 43 134 54 23 4 1293919 12883 19293 1231231112 13 43 134 54 23 4 1293919 12883 19293 1231231112 13 43 134 54 23 4 1293919 12883 19293 1231231112 
13 43 134 54 23 4 1293919 12883 19293 1231231112 13 43 134 54 23 4 1293919 12883 19293 1231231112 13 43 134 54 23 4 1293919 12883 19293 1231231112 13 43 134 54 23 4 1293919 12883 19293 1231231112 13 43 134 54 23 4 1293919 12883 19293 1231231112 13 43 134 54 23 4 1293919 12883 19293 1231231112 13 43 134 54 23 4 1293919 12883 19293 1231231112 13 43 134 54 23 4 1293919 12883 19293 1231231112 13 43 134 54 23 4 1293919 12883 19293 1231231112 13 43 134 54 23 4 1293919 12883 19293 1231231112 
13 43 134 54 23 4 1293919 12883 19293 1231231112 13 43 134 54 23 4 1293919 12883 19293 1231231112 13 43 134 54 23 4 1293919 12883 19293 1231231112 13 43 134 54 23 4 1293919 12883 19293 1231231112 13 43 134 54 23 4 1293919 12883 19293 1231231112 13 43 134 54 23 4 1293919 12883 19293 1231231112 13 43 134 54 23 4 1293919 12883 19293 1231231112 13 43 134 54 23 4 1293919 12883 19293 1231231112 13 43 134 54 23 4 1293919 12883 19293 1231231112 13 43 134 54 23 4 1293919 12883 19293 1231231112 
13 43 134 54 23 4 1293919 12883 19293 1231231112 13 43 134 54 23 4 1293919 12883 19293 1231231112 13 43 134 54 23 4 1293919 12883 19293 1231231112 13 43 134 54 23 4 1293919 12883 19293 1231231112 13 43 134 54 23 4 1293919 12883 19293 1231231112 13 43 134 54 23 4 1293919 12883 19293 1231231112 13 43 134 54 23 4 1293919 12883 19293 1231231112 13 43 134 54 23 4 1293919 12883 19293 1231231112 13 43 134 54 23 4 1293919 12883 19293 1231231112 13 43 134 54 23 4 1293919 12883 19293 1231231112 
13 43 134 54 23 4 1293919 12883 19293 1231231112 13 43 134 54 23 4 1293919 12883 19293 1231231112 13 43 134 54 23 4 1293919 12883 19293 1231231112 13 43 134 54 23 4 1293919 12883 19293 1231231112 13 43 134 54 23 4 1293919 12883 19293 1231231112 13 43 134 54 23 4 1293919 12883 19293 1231231112 13 43 134 54 23 4 1293919 12883 19293 1231231112 13 43 134 54 23 4 1293919 12883 19293 1231231112 13 43 134 54 23 4 1293919 12883 19293 1231231112 13 43 134 54 23 4 1293919 12883 19293 1231231112 
13 43 134 54 23 4 1293919 12883 19293 1231231112 13 43 134 54 23 4 1293919 12883 19293 1231231112 13 43 134 54 23 4 1293919 12883 19293 1231231112 13 43 134 54 23 4 1293919 12883 19293 1231231112 13 43 134 54 23 4 1293919 12883 19293 1231231112 13 43 134 54 23 4 1293919 12883 19293 1231231112 13 43 134 54 23 4 1293919 12883 19293 1231231112 13 43 134 54 23 4 1293919 12883 19293 1231231112 13 43 134 54 23 4 1293919 12883 19293 1231231112 13 43 134 54 23 4 1293919 12883 19293 1231231112 
13 43 134 54 23 4 1293919 12883 19293 1231231112 13 43 134 54 23 4 1293919 12883 19293 1231231112 13 43 134 54 23 4 1293919 12883 19293 1231231112 13 43 134 54 23 4 1293919 12883 19293 1231231112 13 43 134 54 23 4 1293919 12883 19293 1231231112 13 43 134 54 23 4 1293919 12883 19293 1231231112 13 43 134 54 23 4 1293919 12883 19293 1231231112 13 43 134 54 23 4 1293919 12883 19293 1231231112 13 43 134 54 23 4 1293919 12883 19293 1231231112 13 43 134 54 23 4 1293919 12883 19293 1231231112 
13 43 134 54 23 4 1293919 12883 19293 1231231112 13 43 134 54 23 4 1293919 12883 19293 1231231112 13 43 134 54 23 4 1293919 12883 19293 1231231112 13 43 134 54 23 4 1293919 12883 19293 1231231112 13 43 134 54 23 4 1293919 12883 19293 1231231112 13 43 134 54 23 4 1293919 12883 19293 1231231112 13 43 134 54 23 4 1293919 12883 19293 1231231112 13 43 134 54 23 4 1293919 12883 19293 1231231112 13 43 134 54 23 4 1293919 12883 19293 1231231112 13 43 134 54 23 4 1293919 12883 19293 1231231112
13 43 134 54 23 4 1293919 12883 19293 1231231112 13 43 134 54 23 4 1293919 12883 19293 1231231112 13 43 134 54 23 4 1293919 12883 19293 1231231112 13 43 134 54 23 4 1293919 12883 19293 1231231112 13 43 134 54 23 4 1293919 12883 19293 1231231112 13 43 134 54 23 4 1293919 12883 19293 1231231112 13 43 134 54 23 4 1293919 12883 19293 1231231112 13 43 134 54 23 4 1293919 12883 19293 1231231112 13 43 134 54 23 4 1293919 12883 19293 1231231112 13 43 134 54 23 4 1293919 12883 19293 1231231112 
13 43 134 54 23 4 1293919 12883 19293 1231231112 13 43 134 54 23 4 1293919 12883 19293 1231231112 13 43 134 54 23 4 1293919 12883 19293 1231231112 13 43 134 54 23 4 1293919 12883 19293 1231231112 13 43 134 54 23 4 1293919 12883 19293 1231231112 13 43 134 54 23 4 1293919 12883 19293 1231231112 13 43 134 54 23 4 1293919 12883 19293 1231231112 13 43 134 54 23 4 1293919 12883 19293 1231231112 13 43 134 54 23 4 1293919 12883 19293 1231231112 13 43 134 54 23 4 1293919 12883 19293 1231231112 
13 43 134 54 23 4 1293919 12883 19293 1231231112 13 43 134 54 23 4 1293919 12883 19293 1231231112 13 43 134 54 23 4 1293919 12883 19293 1231231112 13 43 134 54 23 4 1293919 12883 19293 1231231112 13 43 134 54 23 4 1293919 12883 19293 1231231112 13 43 134 54 23 4 1293919 12883 19293 1231231112 13 43 134 54 23 4 1293919 12883 19293 1231231112 13 43 134 54 23 4 1293919 12883 19293 1231231112 13 43 134 54 23 4 1293919 12883 19293 1231231112 13 43 134 54 23 4 1293919 12883 19293 1231231112 
13 43 134 54 23 4 1293919 12883 19293 1231231112 13 43 134 54 23 4 1293919 12883 19293 1231231112 13 43 134 54 23 4 1293919 12883 19293 1231231112 13 43 134 54 23 4 1293919 12883 19293 1231231112 13 43 134 54 23 4 1293919 12883 19293 1231231112 13 43 134 54 23 4 1293919 12883 19293 1231231112 13 43 134 54 23 4 1293919 12883 19293 1231231112 13 43 134 54 23 4 1293919 12883 19293 1231231112 13 43 134 54 23 4 1293919 12883 19293 1231231112 13 43 134 54 23 4 1293919 12883 19293 1231231112 
13 43 134 54 23 4 1293919 12883 19293 1231231112 13 43 134 54 23 4 1293919 12883 19293 1231231112 13 43 134 54 23 4 1293919 12883 19293 1231231112 13 43 134 54 23 4 1293919 12883 19293 1231231112 13 43 134 54 23 4 1293919 12883 19293 1231231112 13 43 134 54 23 4 1293919 12883 19293 1231231112 13 43 134 54 23 4 1293919 12883 19293 1231231112 13 43 134 54 23 4 1293919 12883 19293 1231231112 13 43 134 54 23 4 1293919 12883 19293 1231231112 13 43 134 54 23 4 1293919 12883 19293 1231231112 
13 43 134 54 23 4 1293919 12883 19293 1231231112 13 43 134 54 23 4 1293919 12883 19293 1231231112 13 43 134 54 23 4 1293919 12883 19293 1231231112 13 43 134 54 23 4 1293919 12883 19293 1231231112 13 43 134 54 23 4 1293919 12883 19293 1231231112 13 43 134 54 23 4 1293919 12883 19293 1231231112 13 43 134 54 23 4 1293919 12883 19293 1231231112 13 43 134 54 23 4 1293919 12883 19293 1231231112 13 43 134 54 23 4 1293919 12883 19293 1231231112 13 43 134 54 23 4 1293919 12883 19293 1231231112 
13 43 134 54 23 4 1293919 12883 19293 1231231112 13 43 134 54 23 4 1293919 12883 19293 1231231112 13 43 134 54 23 4 1293919 12883 19293 1231231112 13 43 134 54 23 4 1293919 12883 19293 1231231112 13 43 134 54 23 4 1293919 12883 19293 1231231112 13 43 134 54 23 4 1293919 12883 19293 1231231112 13 43 134 54 23 4 1293919 12883 19293 1231231112 13 43 134 54 23 4 1293919 12883 19293 1231231112 13 43 134 54 23 4 1293919 12883 19293 1231231112 13 43 134 54 23 4 1293919 12883 19293 1231231112 
13 43 134 54 23 4 1293919 12883 19293 1231231112 13 43 134 54 23 4 1293919 12883 19293 1231231112 13 43 134 54 23 4 1293919 12883 19293 1231231112 13 43 134 54 23 4 1293919 12883 19293 1231231112 13 43 134 54 23 4 1293919 12883 19293 1231231112 13 43 134 54 23 4 1293919 12883 19293 1231231112 13 43 134 54 23 4 1293919 12883 19293 1231231112 13 43 134 54 23 4 1293919 12883 19293 1231231112 13 43 134 54 23 4 1293919 12883 19293 1231231112 13 43 134 54 23 4 1293919 12883 19293 1231231112 
13 43 134 54 23 4 1293919 12883 19293 1231231112 13 43 134 54 23 4 1293919 12883 19293 1231231112 13 43 134 54 23 4 1293919 12883 19293 1231231112 13 43 134 54 23 4 1293919 12883 19293 1231231112 13 43 134 54 23 4 1293919 12883 19293 1231231112 13 43 134 54 23 4 1293919 12883 19293 1231231112 13 43 134 54 23 4 1293919 12883 19293 1231231112 13 43 134 54 23 4 1293919 12883 19293 1231231112 13 43 134 54 23 4 1293919 12883 19293 1231231112 13 43 134 54 23 4 1293919 12883 19293 1231231112 
13 43 134 54 23 4 1293919 12883 19293 1231231112 13 43 134 54 23 4 1293919 12883 19293 1231231112 13 43 134 54 23 4 1293919 12883 19293 1231231112 13 43 134 54 23 4 1293919 12883 19293 1231231112 13 43 134 54 23 4 1293919 12883 19293 1231231112 13 43 134 54 23 4 1293919 12883 19293 1231231112 13 43 134 54 23 4 1293919 12883 19293 1231231112 13 43 134 54 23 4 1293919 12883 19293 1231231112 13 43 134 54 23 4 1293919 12883 19293 1231231112 13 43 134 54 23 4 1293919 12883 19293 1231231112
13 43 134 54 23 4 1293919 12883 19293 1231231112 13 43 134 54 23 4 1293919 12883 19293 1231231112 13 43 134 54 23 4 1293919 12883 19293 1231231112 13 43 134 54 23 4 1293919 12883 19293 1231231112 13 43 134 54 23 4 1293919 12883 19293 1231231112 13 43 134 54 23 4 1293919 12883 19293 1231231112 13 43 134 54 23 4 1293919 12883 19293 1231231112 13 43 134 54 23 4 1293919 12883 19293 1231231112 13 43 134 54 23 4 1293919 12883 19293 1231231112 13 43 134 54 23 4 1293919 12883 19293 1231231112 
13 43 134 54 23 4 1293919 12883 19293 1231231112 13 43 134 54 23 4 1293919 12883 19293 1231231112 13 43 134 54 23 4 1293919 12883 19293 1231231112 13 43 134 54 23 4 1293919 12883 19293 1231231112 13 43 134 54 23 4 1293919 12883 19293 1231231112 13 43 134 54 23 4 1293919 12883 19293 1231231112 13 43 134 54 23 4 1293919 12883 19293 1231231112 13 43 134 54 23 4 1293919 12883 19293 1231231112 13 43 134 54 23 4 1293919 12883 19293 1231231112 13 43 134 54 23 4 1293919 12883 19293 1231231112 
13 43 134 54 23 4 1293919 12883 19293 1231231112 13 43 134 54 23 4 1293919 12883 19293 1231231112 13 43 134 54 23 4 1293919 12883 19293 1231231112 13 43 134 54 23 4 1293919 12883 19293 1231231112 13 43 134 54 23 4 1293919 12883 19293 1231231112 13 43 134 54 23 4 1293919 12883 19293 1231231112 13 43 134 54 23 4 1293919 12883 19293 1231231112 13 43 134 54 23 4 1293919 12883 19293 1231231112 13 43 134 54 23 4 1293919 12883 19293 1231231112 13 43 134 54 23 4 1293919 12883 19293 1231231112 
13 43 134 54 23 4 1293919 12883 19293 1231231112 13 43 134 54 23 4 1293919 12883 19293 1231231112 13 43 134 54 23 4 1293919 12883 19293 1231231112 13 43 134 54 23 4 1293919 12883 19293 1231231112 13 43 134 54 23 4 1293919 12883 19293 1231231112 13 43 134 54 23 4 1293919 12883 19293 1231231112 13 43 134 54 23 4 1293919 12883 19293 1231231112 13 43 134 54 23 4 1293919 12883 19293 1231231112 13 43 134 54 23 4 1293919 12883 19293 1231231112 13 43 134 54 23 4 1293919 12883 19293 1231231112 
13 43 134 54 23 4 1293919 12883 19293 1231231112 13 43 134 54 23 4 1293919 12883 19293 1231231112 13 43 134 54 23 4 1293919 12883 19293 1231231112 13 43 134 54 23 4 1293919 12883 19293 1231231112 13 43 134 54 23 4 1293919 12883 19293 1231231112 13 43 134 54 23 4 1293919 12883 19293 1231231112 13 43 134 54 23 4 1293919 12883 19293 1231231112 13 43 134 54 23 4 1293919 12883 19293 1231231112 13 43 134 54 23 4 1293919 12883 19293 1231231112 13 43 134 54 23 4 1293919 12883 19293 1231231112 
13 43 134 54 23 4 1293919 12883 19293 1231231112 13 43 134 54 23 4 1293919 12883 19293 1231231112 13 43 134 54 23 4 1293919 12883 19293 1231231112 13 43 134 54 23 4 1293919 12883 19293 1231231112 13 43 134 54 23 4 1293919 12883 19293 1231231112 13 43 134 54 23 4 1293919 12883 19293 1231231112 13 43 134 54 23 4 1293919 12883 19293 1231231112 13 43 134 54 23 4 1293919 12883 19293 1231231112 13 43 134 54 23 4 1293919 12883 19293 1231231112 13 43 134 54 23 4 1293919 12883 19293 1231231112 
13 43 134 54 23 4 1293919 12883 19293 1231231112 13 43 134 54 23 4 1293919 12883 19293 1231231112 13 43 134 54 23 4 1293919 12883 19293 1231231112 13 43 134 54 23 4 1293919 12883 19293 1231231112 13 43 134 54 23 4 1293919 12883 19293 1231231112 13 43 134 54 23 4 1293919 12883 19293 1231231112 13 43 134 54 23 4 1293919 12883 19293 1231231112 13 43 134 54 23 4 1293919 12883 19293 1231231112 13 43 134 54 23 4 1293919 12883 19293 1231231112 13 43 134 54 23 4 1293919 12883 19293 1231231112 
13 43 134 54 23 4 1293919 12883 19293 1231231112 13 43 134 54 23 4 1293919 12883 19293 1231231112 13 43 134 54 23 4 1293919 12883 19293 1231231112 13 43 134 54 23 4 1293919 12883 19293 1231231112 13 43 134 54 23 4 1293919 12883 19293 1231231112 13 43 134 54 23 4 1293919 12883 19293 1231231112 13 43 134 54 23 4 1293919 12883 19293 1231231112 13 43 134 54 23 4 1293919 12883 19293 1231231112 13 43 134 54 23 4 1293919 12883 19293 1231231112 13 43 134 54 23 4 1293919 12883 19293 1231231112 
13 43 134 54 23 4 1293919 12883 19293 1231231112 13 43 134 54 23 4 1293919 12883 19293 1231231112 13 43 134 54 23 4 1293919 12883 19293 1231231112 13 43 134 54 23 4 1293919 12883 19293 1231231112 13 43 134 54 23 4 1293919 12883 19293 1231231112 13 43 134 54 23 4 1293919 12883 19293 1231231112 13 43 134 54 23 4 1293919 12883 19293 1231231112 13 43 134 54 23 4 1293919 12883 19293 1231231112 13 43 134 54 23 4 1293919 12883 19293 1231231112 13 43 134 54 23 4 1293919 12883 19293 1231231112 
13 43 134 54 23 4 1293919 12883 19293 1231231112 13 43 134 54 23 4 1293919 12883 19293 1231231112 13 43 134 54 23 4 1293919 12883 19293 1231231112 13 43 134 54 23 4 1293919 12883 19293 1231231112 13 43 134 54 23 4 1293919 12883 19293 1231231112 13 43 134 54 23 4 1293919 12883 19293 1231231112 13 43 134 54 23 4 1293919 12883 19293 1231231112 13 43 134 54 23 4 1293919 12883 19293 1231231112 13 43 134 54 23 4 1293919 12883 19293 1231231112 13 43 134 54 23 4 1293919 12883 19293 1231231112
13 43 134 54 23 4 1293919 12883 19293 1231231112 13 43 134 54 23 4 1293919 12883 19293 1231231112 13 43 134 54 23 4 1293919 12883 19293 1231231112 13 43 134 54 23 4 1293919 12883 19293 1231231112 13 43 134 54 23 4 1293919 12883 19293 1231231112 13 43 134 54 23 4 1293919 12883 19293 1231231112 13 43 134 54 23 4 1293919 12883 19293 1231231112 13 43 134 54 23 4 1293919 12883 19293 1231231112 13 43 134 54 23 4 1293919 12883 19293 1231231112 13 43 134 54 23 4 1293919 12883 19293 1231231112 
13 43 134 54 23 4 1293919 12883 19293 1231231112 13 43 134 54 23 4 1293919 12883 19293 1231231112 13 43 134 54 23 4 1293919 12883 19293 1231231112 13 43 134 54 23 4 1293919 12883 19293 1231231112 13 43 134 54 23 4 1293919 12883 19293 1231231112 13 43 134 54 23 4 1293919 12883 19293 1231231112 13 43 134 54 23 4 1293919 12883 19293 1231231112 13 43 134 54 23 4 1293919 12883 19293 1231231112 13 43 134 54 23 4 1293919 12883 19293 1231231112 13 43 134 54 23 4 1293919 12883 19293 1231231112 
13 43 134 54 23 4 1293919 12883 19293 1231231112 13 43 134 54 23 4 1293919 12883 19293 1231231112 13 43 134 54 23 4 1293919 12883 19293 1231231112 13 43 134 54 23 4 1293919 12883 19293 1231231112 13 43 134 54 23 4 1293919 12883 19293 1231231112 13 43 134 54 23 4 1293919 12883 19293 1231231112 13 43 134 54 23 4 1293919 12883 19293 1231231112 13 43 134 54 23 4 1293919 12883 19293 1231231112 13 43 134 54 23 4 1293919 12883 19293 1231231112 13 43 134 54 23 4 1293919 12883 19293 1231231112 
13 43 134 54 23 4 1293919 12883 19293 1231231112 13 43 134 54 23 4 1293919 12883 19293 1231231112 13 43 134 54 23 4 1293919 12883 19293 1231231112 13 43 134 54 23 4 1293919 12883 19293 1231231112 13 43 134 54 23 4 1293919 12883 19293 1231231112 13 43 134 54 23 4 1293919 12883 19293 1231231112 13 43 134 54 23 4 1293919 12883 19293 1231231112 13 43 134 54 23 4 1293919 12883 19293 1231231112 13 43 134 54 23 4 1293919 12883 19293 1231231112 13 43 134 54 23 4 1293919 12883 19293 1231231112 
13 43 134 54 23 4 1293919 12883 19293 1231231112 13 43 134 54 23 4 1293919 12883 19293 1231231112 13 43 134 54 23 4 1293919 12883 19293 1231231112 13 43 134 54 23 4 1293919 12883 19293 1231231112 13 43 134 54 23 4 1293919 12883 19293 1231231112 13 43 134 54 23 4 1293919 12883 19293 1231231112 13 43 134 54 23 4 1293919 12883 19293 1231231112 13 43 134 54 23 4 1293919 12883 19293 1231231112 13 43 134 54 23 4 1293919 12883 19293 1231231112 13 43 134 54 23 4 1293919 12883 19293 1231231112 
13 43 134 54 23 4 1293919 12883 19293 1231231112 13 43 134 54 23 4 1293919 12883 19293 1231231112 13 43 134 54 23 4 1293919 12883 19293 1231231112 13 43 134 54 23 4 1293919 12883 19293 1231231112 13 43 134 54 23 4 1293919 12883 19293 1231231112 13 43 134 54 23 4 1293919 12883 19293 1231231112 13 43 134 54 23 4 1293919 12883 19293 1231231112 13 43 134 54 23 4 1293919 12883 19293 1231231112 13 43 134 54 23 4 1293919 12883 19293 1231231112 13 43 134 54 23 4 1293919 12883 19293 1231231112 
13 43 134 54 23 4 1293919 12883 19293 1231231112 13 43 134 54 23 4 1293919 12883 19293 1231231112 13 43 134 54 23 4 1293919 12883 19293 1231231112 13 43 134 54 23 4 1293919 12883 19293 1231231112 13 43 134 54 23 4 1293919 12883 19293 1231231112 13 43 134 54 23 4 1293919 12883 19293 1231231112 13 43 134 54 23 4 1293919 12883 19293 1231231112 13 43 134 54 23 4 1293919 12883 19293 1231231112 13 43 134 54 23 4 1293919 12883 19293 1231231112 13 43 134 54 23 4 1293919 12883 19293 1231231112 
13 43 134 54 23 4 1293919 12883 19293 1231231112 13 43 134 54 23 4 1293919 12883 19293 1231231112 13 43 134 54 23 4 1293919 12883 19293 1231231112 13 43 134 54 23 4 1293919 12883 19293 1231231112 13 43 134 54 23 4 1293919 12883 19293 1231231112 13 43 134 54 23 4 1293919 12883 19293 1231231112 13 43 134 54 23 4 1293919 12883 19293 1231231112 13 43 134 54 23 4 1293919 12883 19293 1231231112 13 43 134 54 23 4 1293919 12883 19293 1231231112 13 43 134 54 23 4 1293919 12883 19293 1231231112 
13 43 134 54 23 4 1293919 12883 19293 1231231112 13 43 134 54 23 4 1293919 12883 19293 1231231112 13 43 134 54 23 4 1293919 12883 19293 1231231112 13 43 134 54 23 4 1293919 12883 19293 1231231112 13 43 134 54 23 4 1293919 12883 19293 1231231112 13 43 134 54 23 4 1293919 12883 19293 1231231112 13 43 134 54 23 4 1293919 12883 19293 1231231112 13 43 134 54 23 4 1293919 12883 19293 1231231112 13 43 134 54 23 4 1293919 12883 19293 1231231112 13 43 134 54 23 4 1293919 12883 19293 1231231112 
13 43 134 54 23 4 1293919 12883 19293 1231231112 13 43 134 54 23 4 1293919 12883 19293 1231231112 13 43 134 54 23 4 1293919 12883 19293 1231231112 13 43 134 54 23 4 1293919 12883 19293 1231231112 13 43 134 54 23 4 1293919 12883 19293 1231231112 13 43 134 54 23 4 1293919 12883 19293 1231231112 13 43 134 54 23 4 1293919 12883 19293 1231231112 13 43 134 54 23 4 1293919 12883 19293 1231231112 13 43 134 54 23 4 1293919 12883 19293 1231231112 13 43 134 54 23 4 1293919 12883 19293 1231231112
13 43 134 54 23 4 1293919 12883 19293 1231231112 13 43 134 54 23 4 1293919 12883 19293 1231231112 13 43 134 54 23 4 1293919 12883 19293 1231231112 13 43 134 54 23 4 1293919 12883 19293 1231231112 13 43 134 54 23 4 1293919 12883 19293 1231231112 13 43 134 54 23 4 1293919 12883 19293 1231231112 13 43 134 54 23 4 1293919 12883 19293 1231231112 13 43 134 54 23 4 1293919 12883 19293 1231231112 13 43 134 54 23 4 1293919 12883 19293 1231231112 13 43 134 54 23 4 1293919 12883 19293 1231231112 
13 43 134 54 23 4 1293919 12883 19293 1231231112 13 43 134 54 23 4 1293919 12883 19293 1231231112 13 43 134 54 23 4 1293919 12883 19293 1231231112 13 43 134 54 23 4 1293919 12883 19293 1231231112 13 43 134 54 23 4 1293919 12883 19293 1231231112 13 43 134 54 23 4 1293919 12883 19293 1231231112 13 43 134 54 23 4 1293919 12883 19293 1231231112 13 43 134 54 23 4 1293919 12883 19293 1231231112 13 43 134 54 23 4 1293919 12883 19293 1231231112 13 43 134 54 23 4 1293919 12883 19293 1231231112 
13 43 134 54 23 4 1293919 12883 19293 1231231112 13 43 134 54 23 4 1293919 12883 19293 1231231112 13 43 134 54 23 4 1293919 12883 19293 1231231112 13 43 134 54 23 4 1293919 12883 19293 1231231112 13 43 134 54 23 4 1293919 12883 19293 1231231112 13 43 134 54 23 4 1293919 12883 19293 1231231112 13 43 134 54 23 4 1293919 12883 19293 1231231112 13 43 134 54 23 4 1293919 12883 19293 1231231112 13 43 134 54 23 4 1293919 12883 19293 1231231112 13 43 134 54 23 4 1293919 12883 19293 1231231112 
13 43 134 54 23 4 1293919 12883 19293 1231231112 13 43 134 54 23 4 1293919 12883 19293 1231231112 13 43 134 54 23 4 1293919 12883 19293 1231231112 13 43 134 54 23 4 1293919 12883 19293 1231231112 13 43 134 54 23 4 1293919 12883 19293 1231231112 13 43 134 54 23 4 1293919 12883 19293 1231231112 13 43 134 54 23 4 1293919 12883 19293 1231231112 13 43 134 54 23 4 1293919 12883 19293 1231231112 13 43 134 54 23 4 1293919 12883 19293 1231231112 13 43 134 54 23 4 1293919 12883 19293 1231231112 
13 43 134 54 23 4 1293919 12883 19293 1231231112 13 43 134 54 23 4 1293919 12883 19293 1231231112 13 43 134 54 23 4 1293919 12883 19293 1231231112 13 43 134 54 23 4 1293919 12883 19293 1231231112 13 43 134 54 23 4 1293919 12883 19293 1231231112 13 43 134 54 23 4 1293919 12883 19293 1231231112 13 43 134 54 23 4 1293919 12883 19293 1231231112 13 43 134 54 23 4 1293919 12883 19293 1231231112 13 43 134 54 23 4 1293919 12883 19293 1231231112 13 43 134 54 23 4 1293919 12883 19293 1231231112 
13 43 134 54 23 4 1293919 12883 19293 1231231112 13 43 134 54 23 4 1293919 12883 19293 1231231112 13 43 134 54 23 4 1293919 12883 19293 1231231112 13 43 134 54 23 4 1293919 12883 19293 1231231112 13 43 134 54 23 4 1293919 12883 19293 1231231112 13 43 134 54 23 4 1293919 12883 19293 1231231112 13 43 134 54 23 4 1293919 12883 19293 1231231112 13 43 134 54 23 4 1293919 12883 19293 1231231112 13 43 134 54 23 4 1293919 12883 19293 1231231112 13 43 134 54 23 4 1293919 12883 19293 1231231112 
13 43 134 54 23 4 1293919 12883 19293 1231231112 13 43 134 54 23 4 1293919 12883 19293 1231231112 13 43 134 54 23 4 1293919 12883 19293 1231231112 13 43 134 54 23 4 1293919 12883 19293 1231231112 13 43 134 54 23 4 1293919 12883 19293 1231231112 13 43 134 54 23 4 1293919 12883 19293 1231231112 13 43 134 54 23 4 1293919 12883 19293 1231231112 13 43 134 54 23 4 1293919 12883 19293 1231231112 13 43 134 54 23 4 1293919 12883 19293 1231231112 13 43 134 54 23 4 1293919 12883 19293 1231231112 
13 43 134 54 23 4 1293919 12883 19293 1231231112 13 43 134 54 23 4 1293919 12883 19293 1231231112 13 43 134 54 23 4 1293919 12883 19293 1231231112 13 43 134 54 23 4 1293919 12883 19293 1231231112 13 43 134 54 23 4 1293919 12883 19293 1231231112 13 43 134 54 23 4 1293919 12883 19293 1231231112 13 43 134 54 23 4 1293919 12883 19293 1231231112 13 43 134 54 23 4 1293919 12883 19293 1231231112 13 43 134 54 23 4 1293919 12883 19293 1231231112 13 43 134 54 23 4 1293919 12883 19293 1231231112 