100
260158260522
743 602436426 24979445
164 623690081 433933447
39 262703497 211047202
45 628894325 731963982
3 450968417 430302156
258982631932
826 880895728 923078537
18 189330739 910286918
29 404539679 303238506
26 492686568 773361868
6 650287940 839296263
575462224593
645 384836991 191890310
27 782177068 404011431
92 954291757 160449218
19 840594328 164163676
120 138996221 501899080
710353195922
773 910748511 350034067
139 470338674 824284691
14 180999835 31262034
51 677959980 131381221
20 208032501 346948152
628973708325
919 893229302 816248153
74 37119022 455797489
4 190870607 189766466
2 137831502 694053968
1 469187475 409233792
599810900084
850 799979694 87027328
106 421624712 666538409
12 597902643 509928121
17 14723492 265804420
2 234828607 807497925
465360472167
489 613363438 889089200
182 846216104 325976483
265 279509806 242790881
39 792345559 322056553
2 444723554 70422962
829027172325
443 40309279 992120464
227 499482549 277429832
91 471708200 940778720
156 306890639 248789992
73 203226467 672298989
610938207958
617 313746600 206347466
53 149811929 787179775
37 803189770 927999455
174 441504628 174616807
102 374281898 198091552
624286986530
211 702179569 441414148
44 80656954 893508913
469 519216315 233703686
184 209550382 846701392
2 574671008 936333553
602889270962
385 121514850 989248231
465 954621185 219371588
25 394002980 887357564
10 988670052 414068747
88 67181740 901347593
815602287469
178 383612516 817020443
440 81469525 83003299
232 92357163 801006699
57 99958976 258387455
60 969793590 770179343
654713114427
744 73141342 87104584
49 8454496 327965875
166 201731258 483571449
17 667480040 643537428
6 668172455 897273517
634810971653
753 675811768 359911957
127 94576456 661126878
45 442045368 171601999
14 723473541 923371826
5 395943269 663851401
175955122098
130 860076763 13801515
773 997981495 619696523
46 45480206 953758357
4 812053310 446521410
15 8347611 16497484
34940090410
851 720649262 173401394
127 87041107 576768546
17 21197987 440404979
2 749994685 249589291
1 467186542 368799134
310812811094
927 128792089 645010898
29 678710212 840829964
41 157641823 871640720
1 341882280 889704917
2 275127176 441798183
547534407965
392 816353541 945829555
283 111963316 457518256
140 385837611 51853974
51 145402024 607469609
32 112700304 350891151
679893284199
644 891668825 739168893
137 732593737 522944374
48 115876846 791115819
114 957165157 139980814
43 36571886 452291197
378326152297
643 847599831 590890974
186 283891837 672470695
28 738587154 22451673
108 22387865 774825524
7 435411231 218915329
256014502353
147 320425692 754648027
563 208193081 868178438
199 467569858 677847358
6 386147801 505226095
34 406264807 233105051
108851363568
123 980050276 747314758
556 109205766 373203259
165 625405836 719713741
24 881989018 505076325
95 16266949 116565925
10792456675
620 545698665 504432321
218 600753696 392982516
57 80507149 657850948
71 833444535 962621591
26 952563082 552351268
844705025732
724 974517488 110242238
57 956802736 296426773
137 677762122 179021274
14 538011560 740937455
60 955071880 856476061
497408515889
994 901405320 418102034
1 437626345 12851090
1 282088212 639433717
2 372908211 718917037
1 887982144 381488668
168200548343
863 575037420 710482923
13 89453239 986106314
23 999698901 780512622
35 368345777 546078275
25 318712177 430291404
619061926261
924 711374093 988188747
69 564728237 553891698
1 585134836 463020504
5 431045101 943974743
1 621463897 568711277
445613473266
430 211620052 833618000
151 822365411 260124456
262 902223115 483777764
140 472155517 559083757
14 456060679 683053801
435346008526
126 64692967 51693604
218 891332416 831790249
392 513882199 4286557
25 543487355 45411991
175 632516505 617483637
427844739710
57 123606965 694961269
295 923978460 978396802
310 508904516 555949806
334 582432159 63326222
3 723969326 275205906
758963696419
137 398374721 505207875
555 920859755 981685674
278 778648246 914881111
26 377054997 444687788
4 296901378 245402483
24862773211
612 907212485 278609930
377 664785583 935076228
4 809065135 603896671
3 659288151 919065195
2 720187581 603709546
478755189903
424 507077801 751608433
45 612811986 814947193
448 639748119 12922927
70 292855310 495229747
12 1828294 745446305
75828117798
367 433293654 616751649
410 852830714 747368688
135 832107735 305210607
34 911816417 576360685
31 740155781 886335166
289897088413
904 577871016 670256636
91 77987836 873542149
2 349048828 434476254
1 463664767 718590164
2 197664966 173262669
453876888853
449 842228881 43738620
155 963973925 829389355
346 288875070 721977050
42 356038133 985526739
7 754884533 664015388
47104384365
511 529887894 553244458
9 776841956 132612310
300 914591429 906276274
128 831297816 487330126
35 658384364 497506352
133381562715
544 416629335 39480180
351 183327874 556344345
100 722388045 623728607
2 506607221 900896520
2 172664807 121786703
275560986613
508 703476263 359294351
457 995847725 250708774
19 354694643 329266181
12 525561719 899019130
1 484873953 195400157
111883833547
957 888577434 437780951
38 171108430 8867391
1 446677823 981964503
2 625582346 574524972
2 207743854 25330661
55864295865
984 600358504 837993545
6 311160783 126778490
6 248102082 530532285
2 360630307 648921164
2 122323933 301313047
79642176095
296 235186978 867768593
60 559078422 711438797
394 636043565 732809466
183 513230026 450595359
18 958890581 178994182
4645590056
28 164994352 610338520
250 304489019 692234112
133 854754448 211232793
451 214817878 708566822
107 639052960 131863700
40610066926
914 818442884 901276220
70 164762830 958963982
5 923652447 365177396
4 197720766 1061215
3 779302743 790318645
651672488841
590 780905800 616613699
259 942747639 440522751
30 923648933 936437408
58 588992539 209290065
58 16108785 899116124
568913678360
924 640761694 638207915
9 95163840 834338545
32 850133121 770924419
27 446954154 334260377
6 162211599 703619863
381678472635
877 940938348 260356364
27 511519039 492805526
44 5223396 859854597
18 699204614 956482562
23 246708755 627555688
96895309785
995 476962577 420882263
2 951883261 605691286
1 883315680 777113737
1 190040004 27133656
1 436315247 20031344
94610450725
321 311666807 286471526
590 710674803 882553151
64 265581785 911933548
8 651130518 713782548
11 93422917 551807410
175000565085
69 531754136 272364918
137 913495663 895302589
51 863258800 562517113
720 888649867 665856023
5 878985664 441308944
478165123224
429 986457010 905108647
441 837444256 375071921
48 213283892 554525905
24 37237759 89364645
35 978611996 877060702
60654535647
316 154290747 556605449
582 242249023 868055759
56 377193271 639762306
6 193024888 844052301
19 746151126 86981498
61119084313
263 260933277 92359747
220 741081971 353542015
366 333218 562359986
99 109005214 906281717
10 317154902 653014030
374218576693
980 454911083 519118099
6 824118968 230062778
3 860534141 370215319
9 722657651 27355661
2 340252078 264466652
96073612331
790 225544294 622048299
200 11821751 122767456
7 52371036 258279694
2 726664558 310203078
1 919280477 859620096
66094308460
212 834589458 924486323
753 842951780 431051889
33 185474554 416380956
1 945352877 428899544
1 645167273 92921907
89697840097
885 273814231 682590548
51 930248423 884309587
37 994067519 480054507
18 525176794 108687147
1 154348796 481765405
265428579953
479 335916571 840284853
176 872927591 161973616
300 953652500 149595553
26 269978523 163722408
6 661757885 923563110
786772353155
933 839954629 273930331
36 552754434 784896761
17 369437707 592884581
9 199627644 825531069
3 454413866 710242995
142256094164
666 746048251 392908783
154 155898988 118539829
64 88664061 975012547
75 568523499 930574630
31 770029734 121344520
346764515810
359 488260689 474521316
101 186733172 514705483
378 711680031 419134633
128 354698128 579218007
22 2631473 455120476
490977452494
15 281662462 838408081
527 975525117 736941734
23 678016656 447179435
179 628307735 507771063
105 232106000 587836576
276513990525
115 588097828 25659032
531 433715151 416270780
63 488118960 413488920
29 460420938 156700085
184 775122742 229846496
100063382477
740 171002892 480564174
41 102734145 928413563
177 168259112 911276387
18 329809383 593854979
21 692908698 714924897
213784941571
503 700666621 306558627
33 715531 354393456
357 763382011 908130606
6 38677172 747623146
47 353107211 137532097
367343561197
622 426737542 501569553
164 894705194 388089784
11 680948981 921994042
102 540908013 579403923
17 904769795 612293976
442857071226
962 968658690 271052631
12 80856843 921943774
24 957106688 815921328
1 266874950 752837575
1 417775910 83054282
103601230605
831 387231248 363423721
37 775236236 228067022
116 879872314 255630757
6 747442053 892499314
10 413251482 825794710
131604327472
701 64847656 987548690
215 910480166 720694973
79 304581939 972912289
3 744886362 360556289
2 520558429 1128591
263726369889
6 298450657 1902815
908 837291352 549157941
39 141577225 101756124
42 108631841 170972117
5 416887674 592434084
159990128482
858 522537022 254246567
88 440442030 64964104
35 187788939 666159126
18 680160420 375031613
1 762414445 943890428
265212784362
6 326430519 287932771
73 557757313 469506240
484 447770444 606438928
209 113333131 704165453
50 277143998 588521503
833549840323
914 922160212 674591641
3 663692793 167271508
12 912852026 375942025
16 934187948 802884721
6 950628966 702621701
198940677184
605 549478667 205856766
116 670463705 413996253
155 596957936 938688201
87 990585540 780191913
1 116645447 477522351
144862622888
724 85016338 32811891
105 725619975 744311409
11 326264069 23464769
56 13130433 702603482
40 835072615 296977415
504222163062
60 625300762 674038984
33 66132725 601045881
820 993698449 902154120
18 838360740 808961110
45 209107532 454995384
277622646113
608 421815854 402794655
94 774239214 850018490
44 655063078 975479236
244 269597393 372218776
6 8131638 825991343
335025066436
326 712818520 585126971
87 225488427 942512448
341 70836694 394108314
94 974118804 943850547
139 667942120 353808414
665934663994
531 862053242 71691984
463 761246749 638803833
3 64048141 633680401
2 475148580 566267633
1 319034496 660111139
453994274732
568 950111996 690042117
260 552660718 432670411
103 835086515 794849103
18 121755689 527477943
5 372302439 728697192
98392890657
370 917594050 626463987
517 356422088 431792224
5 785869038 66628290
39 347172657 462655744
37 699155648 556994125
169087455574
227 596916069 943703925
423 381351031 587012908
173 989416752 403123890
82 218231825 72111835
63 530325432 225983843
534670629712
311 919777626 225084430
685 401943906 729844180
2 359502925 817079321
1 584701309 616390393
1 806712161 523564831
312189115488
154 166382472 58060403
629 366728711 325419612
198 350324901 926399333
8 872166181 764835547
1 844375377 967084321
24639885170
828 962411601 461351270
121 397233960 385739920
5 942292553 103811577
28 883820251 411891386
6 970835702 434471071
316294610600
809 507017884 588840275
138 543917535 863000144
35 569651679 809614660
7 316301224 621494018
9 782394898 417627466
309728998926
803 937610399 547875275
60 654290509 597251880
61 203937088 935523933
27 415640902 210616375
4 765708771 765428378
310546381481
481 920697384 919061457
516 81133080 898520357
1 142766358 855068019
1 413994929 820339586
1 611510809 73327447
96420183563
465 319638365 31271496
361 200110560 61807858
123 722568397 859415389
38 33985619 180686991
7 158565690 487903455
6735745845
867 728655085 397854817
64 456215927 712521319
59 168398354 28952622
9 209575090 431174072
1 854056904 924854399
123392361343
669 44201415 219942531
190 833523653 567864975
2 810229793 701846934
80 225274094 103659093
51 137941940 423327000
499597289970
460 573246046 375430215
320 655427444 900986797
199 663032249 259777366
3 377184303 141890865
11 186476528 34758467
350252628440
196 127024548 637074418
449 964451757 551146848
84 280636981 789306356
96 501752447 953409353
1 584626647 538121646
496663566991
887 551372596 368586376
75 477722784 690929197
32 223436363 41668568
1 294337723 140482411
4 480995938 537024307
530995767140
10 345565921 668961702
631 595431941 230055864
102 439688854 299896210
253 914057823 849203651
1 933819137 560850913
533287584767
610 655960606 703411454
231 768849728 871699778
74 289952433 613025870
10 31593083 579476985
12 578989160 625156823
210052774852
876 887755827 364047759
104 935704016 977048740
15 278086859 105831715
4 628602227 892570768
1 682315711 870918601
112614080767
633 669411659 577125991
348 920013773 428805779
16 968442736 803652767
2 818435877 398780699
1 835531382 625700752
365855446915
385 900880611 611022743
434 452924290 668252306
33 492283222 513251496
71 346777840 875142871
28 215935605 407639968
34295428129
657 56521811 919422925
45 991295100 468041564
181 532806473 349958951
26 330482642 607581987
26 84550288 402584853