10 1000
0 5
0 9
0 10
1 2
1 5
1 6
2 1
2 2
2 7
2 8
2 8
2 9
3 3
3 3
3 4
3 5
3 6
3 6
3 8
3 9
4 1
4 2
4 2
4 2
4 4
4 7
4 7
4 10
5 1
5 2
5 8
5 9
6 3
7 2
7 8
8 7
9 1
9 3
9 4
9 7
10 1
10 3
10 5
11 3
11 4
11 9
12 1
12 2
12 7
12 10
13 1
13 2
13 2
13 3
13 10
14 6
15 1
15 1
15 4
16 4
16 7
17 2
17 6
17 10
18 2
18 3
18 4
18 8
19 2
19 4
19 10
19 10
20 1
20 8
21 1
21 7
21 9
22 8
22 10
22 10
23 1
23 3
23 5
24 1
24 7
24 8
24 9
25 1
25 4
25 9
26 1
26 2
26 5
26 5
27 4
27 7
27 7
27 8
28 3
28 3
28 4
29 1
29 4
29 4
29 7
30 2
30 6
30 6
31 3
31 7
31 7
31 8
32 10
33 2
33 5
33 6
33 7
34 5
34 5
35 1
35 2
35 3
35 3
35 7
35 7
35 7
35 10
35 10
36 1
36 3
36 7
36 7
36 9
36 10
36 10
37 4
38 1
38 4
39 2
39 6
39 7
39 8
39 9
39 10
40 7
41 2
41 3
41 5
41 6
41 8
42 2
43 1
43 5
43 6
43 9
43 10
44 7
45 1
45 2
45 9
45 10
46 1
46 7
46 7
47 2
47 2
47 4
47 5
47 8
47 9
48 4
49 1
49 3
49 7
50 1
50 2
50 7
50 7
50 9
51 8
51 10
52 2
52 3
53 1
53 3
53 10
53 10
54 7
54 8
54 8
54 10
54 10
55 4
55 6
55 10
56 4
56 8
56 8
57 1
57 2
57 8
58 7
59 1
59 5
59 9
60 4
61 1
61 1
61 2
61 3
61 7
62 4
62 4
62 6
62 9
62 9
63 6
64 7
64 9
65 1
65 1
65 5
65 6
65 7
65 10
66 4
66 8
67 6
68 1
68 5
68 6
68 6
68 8
68 9
69 2
69 3
69 5
69 6
69 7
69 9
70 2
70 9
70 10
71 2
72 5
72 6
73 1
73 1
73 1
73 5
73 6
73 7
73 10
74 1
74 1
74 2
74 2
74 4
75 1
75 2
75 3
75 7
75 10
76 2
76 3
76 5
77 2
77 2
77 2
77 5
77 7
77 7
77 7
77 8
77 10
78 4
78 8
79 1
79 4
79 6
79 7
79 8
79 10
80 1
80 2
80 3
80 7
80 8
81 2
81 2
81 4
81 5
81 6
82 2
82 4
82 5
82 6
82 9
83 10
84 1
84 2
84 7
84 9
84 10
85 2
85 3
85 6
85 10
86 6
86 8
86 8
87 2
87 4
88 7
88 8
89 2
89 2
89 7
89 7
90 2
90 8
91 6
91 6
91 10
92 1
92 5
92 6
92 6
92 8
92 8
93 4
93 10
94 5
94 7
95 1
95 5
96 3
96 7
96 7
96 9
97 2
97 10
98 1
98 2
98 4
98 8
98 9
99 7
99 10
100 1
100 8
101 2
101 3
101 6
101 10
102 1
103 3
103 6
104 3
104 5
104 5
104 9
105 2
105 9
105 10
106 2
106 3
106 3
106 5
106 5
106 9
107 2
107 4
107 4
107 8
107 10
108 10
109 3
109 5
109 9
110 6
110 7
110 8
110 8
110 9
111 1
111 2
111 5
111 8
111 9
112 4
112 7
112 7
113 2
113 8
114 2
114 3
114 4
114 8
115 1
115 3
115 5
116 2
116 2
116 4
116 7
117 3
117 5
117 6
117 6
117 8
118 5
118 9
119 6
120 5
121 5
122 1
122 3
122 7
123 1
123 10
124 3
124 4
124 8
125 3
125 3
125 3
125 6
125 8
125 8
126 1
126 2
126 5
127 5
127 7
127 8
128 4
128 4
128 6
128 7
129 3
129 4
129 8
129 9
129 10
130 1
130 1
130 1
130 5
130 6
130 8
130 9
131 2
131 2
131 4
131 4
132 2
132 6
132 7
133 6
134 2
134 4
134 7
134 8
134 9
135 6
136 3
137 3
138 1
138 6
138 8
138 9
139 2
139 6
140 5
140 7
141 3
141 6
141 6
141 7
141 9
141 10
141 10
142 2
143 5
144 2
144 8
145 1
146 1
146 2
146 9
147 1
147 4
148 6
148 6
148 7
149 4
149 6
149 6
149 8
149 9
150 2
150 9
151 1
151 3
151 9
152 4
152 4
152 5
152 10
153 4
154 5
154 7
154 8
154 9
155 1
155 2
155 4
155 7
155 9
156 1
156 4
156 4
156 10
156 10
157 8
158 1
158 3
158 7
159 2
159 3
159 3
159 5
159 8
160 5
161 2
161 4
161 7
162 1
163 3
163 4
163 9
163 10
164 5
164 7
164 10
165 2
165 3
165 3
165 4
165 8
166 3
166 6
166 7
166 8
166 8
166 10
167 1
167 3
167 4
167 5
167 5
167 5
167 6
167 6
167 7
168 8
168 9
168 9
168 10
169 1
171 1
171 4
171 8
171 9
171 10
172 2
172 3
172 5
172 10
173 1
173 3
173 4
173 5
173 8
173 10
174 6
174 7
174 8
176 2
176 4
177 6
177 6
177 7
179 3
179 4
179 7
179 8
180 1
180 3
180 3
180 4
180 5
181 7
181 8
181 8
182 3
182 8
182 9
182 9
182 10
183 1
183 7
184 2
184 4
184 7
184 8
185 2
185 10
186 1
186 2
187 1
187 1
188 1
188 5
188 7
188 7
188 10
189 1
189 2
189 6
190 4
190 6
190 7
190 8
190 9
190 10
190 10
191 6
192 4
192 10
192 10
193 1
193 4
193 7
193 9
193 10
194 8
194 9
194 10
194 10
195 5
195 6
195 7
195 8
195 9
196 3
196 3
196 5
196 5
196 6
196 8
196 10
196 10
197 4
197 5
197 6
197 6
197 8
198 3
198 9
199 2
200 4
200 7
200 9
201 4
201 6
201 8
201 10
202 5
202 5
202 7
203 4
203 4
203 8
204 3
204 5
204 6
204 6
204 9
204 10
205 2
205 8
205 9
206 3
206 4
207 5
207 6
208 3
208 7
208 9
209 2
209 5
209 9
209 10
210 4
210 5
211 2
211 10
212 1
212 1
212 2
212 2
212 3
212 5
212 7
212 7
212 9
213 4
213 7
213 10
214 2
214 2
214 5
214 7
214 9
214 10
215 5
215 5
215 7
215 8
216 6
216 7
217 8
218 1
218 2
218 6
218 10
219 10
220 1
220 4
220 4
220 5
220 5
220 7
221 7
221 8
222 1
222 6
222 7
222 9
223 2
223 3
223 4
223 8
223 9
223 9
224 3
224 3
224 5
224 8
224 9
224 10
225 2
225 6
226 1
226 4
226 4
227 3
227 8
227 8
227 9
228 10
228 10
229 8
230 1
230 3
230 4
230 4
231 5
231 8
231 8
232 7
233 3
234 5
235 3
235 8
235 9
236 7
237 1
237 3
237 4
237 5
237 6
238 1
238 3
238 7
238 8
239 2
239 4
239 4
239 9
239 10
240 1
240 2
240 4
240 7
240 8
241 6
242 3
242 4
242 7
243 1
243 2
243 4
243 6
243 8
243 8
244 4
244 10
245 1
245 2
245 4
245 9
245 10
245 10
246 4
246 5
246 6
246 8
247 1
247 3
247 4
247 7
248 4
248 5
248 8
248 10
249 5
250 2
250 6
250 9
250 10
252 1
252 5
252 5
252 7
253 1
253 4
253 10
253 10
254 2
254 5
254 7
255 7
256 2
257 2
257 7
257 7
258 6
258 6
258 10
259 3
259 5
259 6
259 9
259 10
260 4
261 4
261 6
261 7
261 9
261 9
262 1
262 1
262 6
262 10
263 6
264 2
264 4
264 10
264 10
265 3
266 3
267 2
267 3
267 9
268 1
268 1
268 1
268 2
268 2
268 5
268 5
268 8
269 3
269 3
269 5
269 5
270 9
270 10
271 4
271 5
271 8
271 8
271 8
272 4
272 5
272 10
272 10
274 5
275 3
275 7
275 8
275 9
276 2
276 2
276 6
276 8
276 10
276 10
277 1
277 4
277 8
279 1
279 2
279 3
279 4
279 5
279 7
279 7
279 9
279 10
280 1
280 9
281 1
281 3
282 3
282 8
282 9
282 9
282 9
283 2
283 5
283 7
284 4
284 8
285 1
285 2
285 2
285 7
285 7
285 9
285 10
286 3
286 5
286 5
286 6
287 1
287 4
287 5
287 6
288 3
288 8
289 1
290 5
290 5
290 7
290 7
290 8
291 4
291 6
291 9
291 10
292 1
292 3
292 3
292 6
293 5
293 9
294 1
294 3
295 2
295 2
295 4
295 5
295 5
295 9
295 10
296 1
296 8
298 3
299 1
299 5
299 6
299 8
299 10
300 2
300 3
300 6