<<<<<<< HEAD
3
-999 -901
23 63
-9 11
=======
	

    7
    18 1 1 1 42 1 0
    1
    0
    17
    18 2 2 2 18 1 3 5 42 1 42 2 18 0 0 1 0
    13
    18 1 3 1 18 4 6 3 42 4 42 3 0
    31
    18 1 3 3
    18 1 3 3
    18 4 4 7
    42 4
    0
    18 5 5 1
    42 5
    18 6 6 20
    18 1 5 10
    42 6
    7
    18 1 1 1 42 1 0
    31
    18 1 3 3
    18 1 3 3
    18 4 4 7
    42 4
    18 5 5 1
    42 5
    18 6 6 20
    18 1 5 10
    42 6
    0
    11
    18 1 10000 -9
    18 100001 999999 74
    42 100001
    0
    13
    18 1 3 1 18 4 6 3 42 4 42 3 0
    0

>>>>>>> f4ee983be16a72e67152e592e724975d7fd90c23
