10
50 50
750 664 396 773 385 928 408 760 106 902 120 128 218 832 601 275 483 905 126 660 322 335 115 943 792 233 572 659 128 247 919 878 601 4 340 677 932 749 436 37 650 557 166 558 78 457 834 561 362 650 
221 374 675 26 317 466 950 579 124 769 826 42 646 116 46 987 793 669 735 229 706 74 476 562 633 554 19 156 805 71 806 716 445 480 742 452 637 382 30 761 150 546 494 486 353 540 162 145 208 587 
64 605 662 540 857 985 784 876 140 589 637 636 995 773 806 427 224 442 809 946 203 649 181 697 825 534 927 988 370 826 264 434 120 926 665 977 600 448 543 430 727 179 65 412 642 872 839 867 3 647 
502 897 986 373 283 810 598 901 487 968 726 752 91 536 367 756 202 968 895 745 397 311 615 153 723 256 715 561 813 718 898 4 615 883 378 898 383 666 798 870 323 213 311 414 439 679 861 642 336 755 
386 733 756 691 576 479 948 290 730 450 8 628 455 313 200 523 901 583 188 699 143 201 602 454 615 41 823 475 683 158 920 759 892 676 450 467 845 87 448 574 537 456 201 992 459 92 204 359 365 82 
748 508 283 350 653 589 81 475 754 454 634 364 212 215 39 352 372 574 129 820 147 667 966 39 348 424 131 553 784 496 325 531 695 609 571 37 888 342 512 331 796 836 695 699 741 734 741 804 307 871 
623 145 537 279 184 575 703 5 127 176 501 143 708 886 752 969 923 329 311 125 660 106 651 355 495 82 779 236 886 777 106 508 922 333 787 796 908 180 801 35 356 992 178 754 568 620 723 490 639 33 
305 298 830 647 343 325 729 122 561 614 899 667 812 510 1000 289 996 597 469 796 632 515 787 500 269 354 810 992 535 138 715 530 437 544 867 780 559 595 592 119 899 180 476 711 690 165 690 685 763 849 
170 84 363 648 275 322 692 775 3 917 914 718 447 40 953 3 820 511 599 102 321 187 282 487 588 663 653 277 347 105 125 208 189 179 856 154 191 547 620 195 464 533 603 601 573 245 604 82 447 893 
184 768 80 467 254 668 820 597 636 857 702 451 64 582 320 920 426 512 157 45 397 311 268 1000 602 841 245 896 614 692 789 488 149 559 645 93 917 464 691 552 321 82 3 385 354 323 996 471 525 843 
516 922 844 785 922 445 315 857 340 929 238 128 107 77 377 752 170 294 216 551 846 227 324 539 612 368 553 297 839 77 830 355 1000 673 830 611 117 144 157 458 764 85 276 871 162 654 312 22 638 218 
574 483 445 588 713 748 956 265 44 795 342 565 840 31 237 359 332 45 503 489 193 957 264 469 517 426 813 830 449 140 47 713 624 183 300 336 931 946 291 665 430 633 229 269 355 467 318 377 512 822 
557 705 468 821 864 676 247 367 505 386 507 242 789 821 425 779 847 45 724 137 711 154 771 940 113 816 96 432 192 298 944 749 693 101 570 247 777 507 614 972 583 811 214 371 632 329 149 478 65 563 
306 776 717 767 405 521 582 192 643 464 490 276 213 874 377 473 120 154 670 424 125 252 234 29 623 556 49 462 725 114 24 30 580 432 797 985 643 68 867 285 532 47 251 435 921 628 598 731 472 267 
154 598 519 388 317 832 635 366 984 359 170 699 79 750 130 876 425 463 634 291 438 856 338 689 291 949 6 889 679 479 847 833 767 55 912 83 578 546 140 561 595 310 259 674 751 79 239 175 542 563 
466 980 418 495 358 709 133 365 288 813 844 825 335 300 880 246 73 457 482 213 18 767 214 968 130 965 47 369 830 279 622 986 259 40 480 307 439 614 672 417 116 205 241 451 505 121 388 579 578 560 
482 286 327 386 254 147 40 301 207 870 270 829 856 529 869 25 527 308 329 198 415 445 94 657 587 289 468 665 558 45 915 40 22 241 116 276 79 157 267 286 26 537 114 882 757 984 908 283 982 927 
171 396 372 956 743 649 245 210 313 803 947 227 533 969 159 340 244 238 497 201 524 523 428 638 95 184 311 693 157 983 619 19 69 681 975 502 329 910 713 642 713 659 560 936 317 409 275 561 647 462 
452 861 676 880 188 771 755 190 153 912 172 462 621 932 143 596 434 472 505 146 805 908 495 54 534 812 463 499 62 800 962 204 660 637 83 848 97 528 37 250 440 901 712 751 832 545 346 956 708 542 
792 512 139 286 256 673 788 719 863 540 518 824 744 868 150 518 715 247 45 443 187 175 33 899 927 555 134 963 511 842 504 993 43 334 279 299 697 757 708 559 988 916 382 731 783 532 939 187 469 985 
320 656 850 353 245 776 599 379 739 800 220 933 792 263 957 761 252 654 518 960 212 505 565 285 926 347 507 865 534 977 539 855 632 388 898 567 855 186 946 283 986 165 906 778 118 863 228 60 516 436 
710 418 631 274 703 557 621 210 111 846 877 650 390 508 728 978 75 582 164 711 865 149 567 771 617 375 633 846 436 839 281 145 256 913 110 960 159 731 860 961 266 736 610 656 934 27 634 699 610 798 
410 474 637 977 935 945 351 257 790 477 95 761 313 42 363 423 1 212 153 551 172 110 286 472 766 910 500 89 609 109 577 18 273 905 685 899 849 726 155 328 203 942 779 516 984 833 939 675 44 782 
225 908 892 201 379 348 110 879 127 719 678 705 427 642 609 802 540 457 528 385 475 731 326 253 937 309 85 565 984 130 346 899 37 929 99 106 967 901 676 93 309 353 488 427 685 96 228 224 243 446 
610 718 867 936 662 803 936 747 367 609 567 404 508 294 22 297 401 679 888 76 772 197 119 260 314 805 46 542 719 981 989 328 388 545 955 49 348 890 487 405 498 53 499 696 348 211 684 439 890 571 
205 662 458 324 612 772 819 348 4 538 328 683 556 717 227 510 456 265 89 943 671 278 997 860 974 34 71 657 163 961 919 368 622 376 382 924 148 892 272 152 429 600 525 985 6 752 185 463 17 274 
405 378 552 91 237 216 125 308 563 979 269 481 346 581 858 419 505 696 310 467 538 429 757 62 413 764 814 288 226 831 563 321 208 805 413 136 20 228 444 584 898 403 755 243 985 612 352 179 998 662 
646 535 781 402 597 885 856 411 172 772 932 425 93 831 230 196 967 941 114 100 214 11 504 970 946 488 271 988 357 269 340 693 804 120 785 91 4 641 192 177 412 123 602 195 644 522 81 300 463 887 
401 677 898 905 336 533 82 608 521 439 877 861 822 370 671 606 461 676 246 653 543 349 467 144 544 801 357 316 101 820 202 502 186 790 96 213 323 178 821 534 307 387 84 819 757 755 424 909 120 361 
251 663 710 408 498 944 209 855 259 0 364 151 192 550 942 288 763 955 156 273 178 153 660 262 972 107 707 85 706 518 446 647 180 846 55 678 480 955 532 429 955 896 581 837 136 522 124 589 476 971 
553 344 814 903 296 785 9 2 870 405 210 6 52 391 542 798 68 21 752 291 451 396 186 31 232 12 553 46 292 719 707 845 753 520 747 48 995 447 741 864 542 952 560 594 342 102 81 100 123 833 
391 574 919 268 295 841 971 538 577 262 256 283 106 699 493 544 747 487 991 488 41 532 439 601 817 471 393 898 571 517 421 653 781 29 611 76 871 581 304 137 534 561 421 640 950 914 874 697 91 554 
184 132 777 313 733 593 474 817 180 735 23 291 77 804 321 688 570 191 269 875 18 803 125 129 132 74 734 697 461 825 250 335 957 26 338 379 309 812 195 490 547 218 781 624 713 792 2 973 673 962 
537 692 454 352 821 276 117 554 973 578 378 914 914 334 940 251 404 940 754 599 119 991 508 590 304 911 382 306 883 54 267 110 436 721 462 257 688 579 811 660 848 880 573 451 904 203 392 307 142 145 
597 952 826 104 541 130 14 613 126 587 668 84 697 103 495 850 50 182 118 552 843 966 431 105 106 334 999 499 332 831 334 929 782 160 723 13 981 737 626 106 13 984 190 401 778 376 250 828 558 368 
379 90 24 500 196 821 835 885 319 857 716 344 785 497 504 507 510 174 934 827 971 637 810 852 37 587 227 978 105 785 36 174 876 60 675 762 881 199 646 891 55 361 234 840 549 428 36 749 292 660 
575 262 296 385 113 334 662 340 1 767 125 37 942 691 788 306 452 359 505 788 249 560 149 173 89 388 291 816 136 583 475 712 845 461 787 649 485 448 989 487 906 804 524 537 494 312 843 946 671 347 
734 610 597 573 783 686 961 764 191 96 346 666 498 881 126 284 529 612 423 518 98 18 321 312 555 506 624 87 141 985 434 875 594 721 137 66 96 788 830 287 575 175 643 72 747 769 47 275 70 160 
483 859 178 495 171 733 0 485 820 141 470 944 707 63 664 844 130 760 322 960 737 897 826 379 969 262 838 706 537 909 866 711 457 43 205 628 466 205 804 976 36 273 609 743 26 963 277 156 412 599 
807 148 495 322 527 153 584 365 550 811 964 415 521 420 149 726 739 305 621 542 281 658 505 890 400 531 853 677 378 264 966 184 103 460 196 630 304 780 685 854 590 338 959 111 449 107 527 878 413 148 
109 384 806 614 273 896 835 816 263 212 771 228 396 874 379 592 193 683 61 569 226 652 597 184 453 736 983 980 613 395 127 722 779 623 25 742 519 861 248 472 72 709 700 159 272 78 751 155 451 503 
724 677 154 11 552 607 747 534 276 360 619 94 772 87 717 798 519 926 348 457 397 420 165 788 579 437 866 20 593 7 523 6 374 367 17 926 664 765 149 940 815 458 724 276 545 131 73 755 56 421 
211 144 532 377 622 110 814 487 821 96 184 33 103 559 400 811 484 63 265 324 694 79 782 417 356 17 548 119 772 295 231 983 439 763 49 60 563 864 237 384 650 422 107 753 671 508 564 845 571 519 
168 264 599 641 372 645 658 920 454 119 214 375 101 343 137 842 93 391 705 331 465 44 443 572 798 113 79 51 958 341 570 817 295 859 457 667 193 805 587 338 924 801 713 715 835 851 556 928 932 951 
949 396 996 81 968 483 885 738 534 843 78 794 349 373 343 806 731 536 300 317 874 223 808 277 938 332 818 494 260 749 134 208 144 129 290 802 612 174 539 836 707 617 630 55 681 663 551 411 198 851 
418 763 764 916 730 702 248 547 886 508 295 710 406 439 840 386 931 141 561 470 978 958 86 297 704 457 960 945 868 848 486 976 300 249 892 29 641 139 266 526 647 561 927 743 690 766 129 621 907 380 
781 574 337 557 561 731 14 210 676 572 749 161 548 739 100 439 459 742 268 725 958 605 286 884 347 666 649 476 977 246 856 757 510 884 314 762 614 328 972 980 900 720 831 137 459 932 576 918 673 844 
332 320 448 308 204 486 975 543 962 641 479 508 398 990 391 712 751 695 730 412 675 319 823 505 457 281 126 723 889 799 257 220 119 395 219 13 881 193 556 533 834 35 40 922 715 431 323 155 816 52 
567 490 62 79 686 519 50 812 932 939 301 188 850 420 274 68 433 154 952 679 687 475 404 727 397 118 848 720 964 664 463 221 844 525 300 529 734 351 341 355 289 642 234 829 752 508 587 875 352 228 
243 39 704 648 456 791 766 995 200 730 658 353 951 501 568 250 721 992 601 752 347 581 83 581 99 525 779 377 399 130 605 642 169 999 980 316 479 746 310 680 165 658 723 806 849 291 746 569 282 37 

50 50
10 319 618 93 900 407 618 678 784 707 499 79 39 358 768 18 674 247 454 984 617 619 331 339 424 180 320 170 439 293 207 450 612 515 543 202 612 852 570 86 248 68 165 287 427 623 306 100 870 760 
775 176 69 105 516 183 976 526 353 415 819 250 865 431 455 97 633 67 639 202 153 888 962 8 174 388 321 170 178 191 621 953 367 380 749 573 563 724 99 607 829 608 547 693 729 2 481 361 760 119 
254 603 697 906 301 872 293 622 732 161 813 42 114 871 422 553 133 986 967 923 282 796 531 829 178 259 831 349 311 590 159 255 883 856 160 183 417 143 806 149 304 618 882 108 178 304 661 312 980 318 
234 261 113 455 89 982 715 611 331 716 891 490 971 774 345 821 957 453 964 762 292 267 70 173 66 248 167 417 250 146 735 485 97 848 940 187 520 344 488 851 59 378 30 720 842 65 540 799 518 193 
250 810 151 320 674 217 259 841 634 509 988 369 684 84 907 624 962 426 658 139 967 718 208 997 127 49 62 668 848 580 551 789 80 702 108 754 919 367 594 243 567 271 302 250 46 208 564 698 325 222 
838 291 630 45 288 757 785 40 114 633 620 666 111 390 367 219 834 977 277 428 219 534 389 521 784 435 419 348 824 744 260 661 726 890 396 13 646 180 744 761 503 53 116 614 444 483 524 277 149 491 
395 368 24 785 579 808 910 689 846 733 122 105 83 848 685 479 551 21 350 294 782 853 348 588 157 792 70 681 759 220 171 154 278 195 629 548 693 228 927 539 652 48 334 735 897 19 905 137 40 254 
432 512 797 780 790 954 261 860 634 710 770 495 554 739 690 182 977 73 101 903 302 753 641 636 177 537 345 81 675 75 25 797 277 823 576 66 466 527 617 791 236 76 285 791 505 976 663 481 739 764 
73 40 206 715 366 74 942 712 846 616 477 872 102 445 384 678 201 850 895 818 640 131 585 616 612 89 281 274 261 19 729 334 59 625 48 425 699 681 827 545 987 304 106 89 439 490 457 640 29 352 
148 360 173 733 976 785 512 256 749 773 275 167 798 24 793 536 449 181 216 967 726 203 961 522 292 399 11 749 729 732 100 877 91 964 299 757 748 502 703 187 274 978 354 762 692 146 298 831 18 514 
797 744 407 757 957 699 155 658 138 885 389 929 451 170 893 441 927 640 943 629 517 907 296 872 669 988 17 967 819 35 170 305 470 578 62 116 276 217 774 104 792 163 33 934 333 926 374 951 255 316 
269 773 222 566 644 581 243 351 237 752 77 408 57 237 986 810 353 952 26 126 56 509 980 780 442 313 705 816 954 650 822 222 112 734 478 756 315 722 798 552 163 565 650 911 492 325 720 845 277 437 
661 23 946 641 493 77 644 888 583 597 537 404 509 650 828 988 95 833 399 583 75 562 147 725 163 639 50 883 173 17 319 525 731 955 165 223 31 499 110 304 95 337 398 604 987 226 281 773 58 680 
45 133 242 193 549 405 522 599 978 386 306 297 911 36 942 766 950 664 264 59 968 49 396 366 343 73 592 625 536 340 304 581 164 236 464 713 331 677 1 309 753 998 296 663 33 928 118 983 591 72 
732 559 121 818 615 154 581 897 779 116 236 774 388 90 700 542 493 31 218 184 30 971 181 16 323 905 944 131 887 535 203 308 784 14 126 398 169 707 294 638 514 220 101 592 311 802 133 494 523 352 
679 243 12 550 259 26 455 893 848 341 117 51 340 901 65 466 989 925 863 282 563 66 193 664 658 194 155 792 688 678 834 56 611 536 607 870 252 61 763 100 92 570 151 432 471 907 588 459 522 141 
432 775 207 315 128 866 509 284 347 887 652 871 944 263 406 240 823 349 992 275 449 83 846 290 206 6 887 484 465 408 625 587 182 833 902 311 388 100 285 425 988 627 295 621 890 391 551 403 740 542 
368 188 315 213 168 211 219 55 696 375 463 320 652 336 152 244 337 230 344 622 655 21 939 950 332 829 31 883 922 771 114 289 650 430 193 818 331 102 563 26 167 26 347 820 52 189 754 389 420 788 
701 765 810 639 405 832 157 436 405 769 897 519 749 546 639 942 54 971 43 617 997 211 333 33 721 385 914 474 464 23 261 855 788 761 184 192 283 31 318 688 491 215 897 239 761 536 180 505 196 914 
122 883 124 455 607 535 531 520 699 685 543 651 230 20 101 414 904 384 135 221 762 626 436 659 865 888 885 735 392 80 649 204 653 463 660 259 689 881 469 387 565 11 37 795 723 139 899 626 523 725 
847 285 350 974 634 906 861 518 640 943 288 979 147 941 442 497 891 821 377 359 207 632 371 245 117 93 74 706 409 287 430 255 572 471 228 896 376 779 413 706 412 701 375 249 332 507 746 222 327 813 
581 534 134 642 469 942 425 543 648 834 831 77 89 92 238 7 989 304 477 91 10 579 793 385 828 815 582 263 36 909 75 617 442 900 950 912 842 374 144 489 208 975 256 988 758 185 685 746 489 852 
527 189 430 319 264 257 824 846 520 860 754 285 167 887 185 116 798 717 490 632 896 388 607 842 65 364 26 751 800 516 602 326 395 32 336 660 980 159 505 500 710 259 785 877 145 660 993 633 376 172 
264 962 251 561 804 316 615 520 757 414 35 359 431 431 81 457 781 60 306 285 250 15 234 35 892 69 385 574 702 452 437 657 413 688 217 907 3 523 427 761 627 152 810 57 273 581 204 53 641 511 
339 892 526 263 617 418 333 692 682 725 143 118 381 247 806 289 153 500 812 270 951 438 423 450 186 696 30 390 440 361 901 469 943 117 732 559 225 64 251 907 790 84 25 861 21 521 149 866 711 961 
135 661 89 248 801 275 635 831 355 74 883 256 543 825 373 274 384 598 29 325 194 819 99 910 679 121 431 519 987 832 169 812 183 258 60 984 223 695 505 269 459 387 215 692 211 588 966 285 876 685 
300 760 193 400 670 563 211 791 81 888 622 250 699 805 199 449 479 112 834 674 381 292 60 596 984 962 874 640 938 439 324 928 199 208 17 559 771 228 349 852 806 661 792 505 156 681 644 635 484 478 
308 865 460 58 151 134 710 715 774 647 154 788 265 43 996 282 292 456 201 331 307 6 992 790 201 147 470 846 472 954 13 470 509 473 218 350 607 929 64 70 265 909 549 530 642 234 813 934 691 13 
264 688 19 947 477 912 784 948 757 947 591 770 416 790 242 635 139 540 253 204 300 518 112 849 48 755 83 551 378 464 254 333 151 964 279 629 875 62 266 631 699 547 90 115 337 23 440 476 563 693 
680 863 901 483 402 639 928 175 189 305 639 133 328 790 97 607 108 662 360 64 984 58 612 73 864 949 96 994 114 659 686 485 212 277 658 614 916 585 789 796 580 117 929 909 907 716 205 706 68 255 
770 51 4 381 124 868 19 221 862 825 570 237 309 472 514 967 776 120 241 254 916 821 371 534 419 969 941 625 674 8 570 443 59 574 515 183 132 224 94 684 48 355 921 357 827 125 13 293 245 254 
547 851 766 919 384 184 887 324 499 560 332 69 693 81 643 207 956 775 122 49 458 170 94 69 218 612 885 231 905 129 176 451 980 942 369 53 125 255 68 625 505 90 384 198 172 26 95 127 492 217 
867 640 78 962 399 296 573 283 217 477 412 393 618 81 24 988 135 150 933 894 465 128 984 849 16 155 565 111 282 747 19 149 387 788 801 786 83 373 69 991 540 171 74 157 944 98 835 769 939 458 
662 403 586 645 942 602 801 197 403 773 944 112 612 20 900 412 497 673 785 256 664 14 117 428 172 60 526 697 829 465 154 180 558 430 826 190 31 316 387 125 88 20 928 391 732 518 803 228 190 278 
174 544 292 291 972 154 352 498 852 871 653 696 51 901 126 567 90 848 883 167 973 661 879 591 742 610 108 545 528 298 823 702 533 805 993 504 960 34 692 501 596 344 196 337 245 322 904 25 170 476 
193 833 827 71 423 569 371 531 113 899 520 626 600 52 430 282 246 79 7 939 580 603 973 777 940 908 98 533 624 959 8 817 792 525 578 905 93 949 436 897 537 956 522 136 698 643 108 944 722 115 
572 302 718 235 769 347 142 867 880 766 516 578 272 998 103 540 902 196 488 337 784 24 983 305 851 370 638 960 314 360 765 576 352 173 811 120 520 644 677 90 409 192 668 372 189 461 912 91 348 90 
118 131 805 792 126 656 161 765 305 165 124 69 742 166 242 552 286 453 195 963 543 295 846 901 357 34 52 268 816 400 358 625 531 163 416 347 509 577 111 814 743 926 573 484 91 506 726 377 959 612 
30 191 597 876 782 954 600 834 912 416 924 961 40 454 814 146 802 322 723 603 826 155 529 88 329 620 594 55 688 242 357 718 123 954 283 596 597 883 119 508 989 43 468 719 187 281 865 679 293 588 
282 118 743 811 898 763 120 491 818 498 424 865 906 237 818 188 833 104 71 953 612 750 996 771 469 182 742 333 862 35 611 834 844 44 334 741 807 454 923 314 643 36 178 548 273 686 737 106 790 498 
749 91 938 744 862 406 616 294 430 167 329 40 691 863 775 24 604 581 169 216 895 812 252 763 359 525 448 786 321 928 974 69 19 912 503 571 7 810 865 437 977 193 478 668 747 943 382 350 524 551 
256 108 362 508 872 412 723 9 888 44 938 862 113 957 463 617 527 470 116 392 908 783 275 75 450 21 17 523 61 231 73 7 340 436 515 902 538 929 911 425 973 848 977 776 804 439 82 21 910 198 
103 507 982 68 272 121 781 980 644 532 211 718 540 241 844 745 833 381 673 743 806 645 591 783 421 84 912 193 796 511 392 899 708 373 968 980 494 438 650 138 970 551 546 509 792 389 945 624 460 617 
56 956 953 337 428 63 422 340 256 908 541 648 807 249 20 464 919 205 902 568 33 561 118 579 761 600 658 705 914 808 321 971 763 964 998 882 26 419 912 283 327 452 621 824 701 332 978 620 537 879 
878 570 129 997 839 890 286 186 594 200 994 606 861 446 569 858 17 286 968 929 259 985 71 880 808 772 211 785 81 438 353 960 698 482 646 226 62 932 412 656 822 95 952 682 232 211 230 940 187 197 
869 446 181 940 15 679 401 918 153 173 355 196 132 744 678 468 970 430 89 72 86 912 167 728 283 89 939 513 29 125 400 588 261 271 217 277 950 618 194 793 791 239 989 613 983 357 771 953 787 861 
24 563 772 882 291 745 972 920 949 691 736 348 969 997 620 185 964 259 803 157 52 284 87 731 587 69 87 358 21 565 218 45 127 680 618 108 114 279 28 62 970 454 411 938 140 721 122 104 670 615 
952 412 589 38 143 176 108 921 224 820 485 442 556 303 812 173 411 926 452 129 989 111 583 89 739 724 500 551 518 860 856 159 272 445 198 105 311 997 716 225 816 201 357 371 194 168 234 605 784 686 
735 772 487 7 551 225 421 741 776 939 601 632 98 873 767 987 668 77 983 383 302 488 274 659 550 468 517 784 764 300 160 188 763 647 195 3 873 617 745 338 245 345 970 33 908 426 19 575 503 692 
958 495 180 923 844 730 390 50 203 153 351 363 341 804 701 227 807 263 534 551 601 469 586 261 503 183 687 212 758 881 595 406 65 775 328 600 194 408 650 87 252 691 451 283 494 842 200 992 104 734 

50 50
232 705 203 819 656 396 1 343 298 450 914 893 546 979 357 564 578 241 972 919 329 914 609 470 197 794 311 397 785 415 822 16 810 715 835 466 110 527 499 408 977 102 992 522 771 348 85 39 590 747 
958 609 661 566 78 548 49 389 635 834 494 456 851 303 170 375 459 971 592 958 69 568 750 60 780 521 98 555 560 378 993 517 987 343 773 64 891 823 143 215 346 637 672 196 941 532 262 399 503 854 
47 262 112 487 322 582 7 110 828 567 489 820 83 475 853 547 230 433 59 373 648 405 10 319 292 641 542 554 730 44 407 467 997 209 955 318 792 962 118 309 529 607 819 302 82 671 539 312 103 598 
375 751 3 385 761 986 716 302 539 446 36 636 603 32 846 557 40 327 519 158 326 738 766 144 730 538 815 960 540 608 557 915 48 250 991 809 235 396 801 464 842 837 100 135 559 636 692 599 653 901 
758 979 328 213 122 749 441 627 708 671 234 264 585 282 205 265 782 440 662 582 905 193 109 695 328 668 20 711 267 673 611 715 341 940 618 463 688 749 780 85 419 13 39 3 986 244 960 767 375 311 
39 970 504 148 354 523 816 374 233 773 46 534 177 77 473 795 540 851 543 319 626 962 22 666 656 7 910 305 465 975 616 194 944 810 342 297 332 848 671 255 311 407 790 488 484 953 974 714 494 206 
723 119 859 745 785 204 443 385 509 598 359 815 792 303 624 824 290 647 361 962 592 672 58 381 851 233 24 824 947 518 29 360 637 578 795 112 782 237 497 981 525 856 795 6 158 109 830 449 446 191 
100 728 553 849 109 403 81 824 917 719 341 947 78 978 214 873 780 997 801 276 977 325 132 462 332 981 261 852 119 707 733 910 434 977 759 233 379 840 56 296 558 87 933 326 756 146 199 535 833 1000 
812 500 14 944 962 36 614 222 889 734 619 311 643 743 287 91 667 357 932 413 653 179 501 275 506 256 421 395 791 254 394 292 754 408 926 405 445 540 317 23 964 936 24 606 368 312 698 34 669 319 
138 11 188 639 286 384 585 707 779 65 651 172 358 94 271 283 499 406 823 816 429 786 441 453 82 500 455 470 224 814 479 362 825 667 691 110 51 275 508 520 341 849 383 699 944 654 672 132 750 185 
639 869 661 79 321 743 269 467 903 494 280 381 546 796 739 237 596 480 512 103 1000 543 953 382 932 586 726 604 718 475 789 356 343 449 126 355 883 395 512 785 579 482 857 125 277 595 362 874 74 564 
667 73 107 309 146 38 895 562 332 303 728 120 349 70 260 475 115 142 561 317 617 139 800 473 955 76 758 6 640 832 571 307 596 368 306 432 96 201 994 429 194 721 239 543 482 499 709 287 331 269 
605 949 98 404 111 744 170 560 750 501 391 10 498 677 68 804 108 165 695 793 284 889 513 523 122 685 22 831 973 43 790 267 682 578 361 484 321 221 43 762 722 434 772 219 111 841 23 910 696 408 
702 980 297 906 502 109 280 214 940 943 258 419 209 940 997 570 423 318 792 466 79 203 591 541 423 392 381 136 301 767 544 694 746 531 289 248 640 569 462 579 512 410 688 411 40 685 982 463 693 463 
620 772 356 210 2 779 292 74 915 593 841 149 977 587 680 265 525 320 835 987 589 36 87 277 447 127 962 118 280 654 271 900 115 628 800 117 406 91 191 11 375 32 851 351 309 530 617 834 850 141 
510 129 177 597 96 314 414 57 433 695 401 704 594 206 331 84 13 428 175 896 129 550 618 980 592 927 199 899 760 740 730 269 869 907 557 965 911 971 712 343 665 803 738 950 699 759 33 712 877 899 
607 696 139 915 675 731 841 565 629 290 304 358 250 172 955 807 827 865 467 228 899 823 30 636 462 419 394 495 130 962 83 428 657 222 342 332 953 874 897 581 854 891 629 103 753 273 600 579 138 758 
497 36 580 217 362 41 636 446 226 456 407 309 884 64 532 917 86 174 480 673 756 333 563 74 127 315 348 727 584 176 174 80 903 754 988 264 485 623 400 711 78 808 711 653 872 242 259 648 416 739 
320 862 762 883 627 889 888 975 306 161 150 480 932 52 925 919 6 99 541 406 811 309 904 521 652 775 453 911 112 559 339 432 111 101 4 738 680 892 402 676 743 242 847 674 985 461 592 991 560 823 
86 60 132 991 271 784 455 724 385 568 974 724 1000 775 515 695 512 886 586 604 251 329 846 97 693 520 248 285 510 809 107 286 869 930 276 140 404 422 554 789 990 217 202 679 992 408 373 193 293 650 
487 544 669 332 332 361 852 580 336 51 78 134 28 638 63 995 468 157 416 21 946 95 930 839 465 611 246 528 495 229 868 982 773 536 4 795 588 546 65 614 598 143 748 626 781 812 310 248 659 727 
961 295 512 580 133 977 190 69 195 685 298 62 667 761 289 361 556 567 907 621 180 504 454 929 820 926 430 130 864 88 547 514 383 749 93 206 416 975 275 611 659 573 673 15 334 652 376 580 218 283 
891 89 477 344 17 988 269 137 808 133 225 44 647 299 793 431 505 208 405 471 819 754 734 182 460 67 834 526 337 743 499 227 832 977 572 539 654 531 676 461 354 591 505 1 890 988 122 85 196 527 
246 705 280 980 887 430 738 411 957 74 153 455 302 985 121 564 213 775 785 889 926 139 479 120 831 59 108 953 835 304 479 80 8 449 59 586 880 797 997 836 562 149 981 864 824 102 117 727 877 902 
615 803 40 784 613 871 843 721 823 367 715 992 447 724 441 197 1000 320 684 996 846 245 835 826 799 348 928 916 74 495 818 689 988 548 162 600 419 5 11 932 62 726 924 200 139 54 397 138 64 80 
133 910 16 658 425 815 5 353 731 79 538 238 458 525 476 621 815 895 316 826 517 68 552 130 268 691 184 665 520 248 436 653 848 142 1 272 957 6 315 377 777 853 615 925 67 782 235 883 676 551 
398 883 620 640 12 578 21 887 934 541 134 59 884 982 201 885 945 157 582 259 225 358 112 530 282 870 311 518 752 678 759 841 560 68 480 263 337 501 149 270 41 975 329 616 646 530 500 590 377 81 
540 602 129 652 132 102 521 443 310 964 811 759 804 371 828 974 324 164 475 163 124 206 137 453 822 474 983 12 754 49 93 293 652 914 635 474 15 156 607 325 810 418 83 303 479 601 276 803 455 441 
966 579 648 794 31 159 958 704 171 711 754 956 695 95 869 329 259 884 175 866 899 985 974 982 287 452 273 254 945 728 695 601 307 32 84 28 883 41 423 53 442 176 8 136 962 567 466 911 450 641 
466 38 316 440 20 293 582 984 547 217 711 933 818 708 655 592 737 537 323 159 591 765 25 289 902 677 857 57 587 997 388 52 35 704 182 746 998 765 729 544 672 129 166 489 838 822 771 264 358 93 
113 949 858 829 929 449 195 475 196 782 471 585 524 196 288 707 942 285 161 360 520 833 490 686 11 17 197 782 281 556 565 84 194 112 603 122 562 798 597 448 269 759 32 793 955 321 189 897 296 350 
256 506 873 436 192 574 453 389 355 424 635 610 508 830 723 110 642 975 908 930 422 867 688 455 660 642 466 539 228 452 890 175 959 452 611 841 26 64 920 71 488 555 682 687 74 404 487 716 378 85 
645 490 952 332 945 611 665 100 150 893 553 730 758 511 872 369 351 898 123 270 660 301 515 31 988 589 435 475 305 503 560 950 993 201 973 628 813 327 728 653 910 280 72 668 481 944 36 832 532 159 
793 882 460 307 913 138 897 37 303 201 230 553 841 913 754 503 540 256 520 959 909 430 929 671 97 410 305 824 932 527 673 724 408 132 31 320 961 618 47 263 509 277 816 349 189 570 543 730 826 62 
378 425 492 306 95 279 406 90 102 338 617 775 61 715 598 783 725 558 400 772 512 909 48 327 949 238 897 181 658 413 934 35 838 116 341 623 395 438 714 188 776 20 653 837 736 250 310 460 499 400 
923 10 1000 971 337 638 208 925 819 866 337 752 591 865 868 623 487 954 60 891 832 836 912 484 362 337 735 362 487 924 763 409 934 762 70 961 399 278 575 908 835 602 659 115 466 217 738 644 861 798 
224 692 323 826 175 376 162 600 738 340 523 500 439 146 952 509 798 350 788 372 257 312 975 607 427 130 514 165 774 64 653 999 756 667 824 621 42 677 912 780 16 434 280 455 271 922 965 68 272 442 
440 219 444 104 516 871 235 720 726 8 784 69 697 229 736 211 541 778 888 452 247 594 886 217 739 847 139 393 915 101 525 45 320 969 149 527 840 384 246 255 83 721 324 470 950 59 681 490 527 258 
942 465 852 518 682 281 54 821 674 970 922 199 14 933 167 854 459 697 238 395 953 11 115 967 481 756 717 162 245 243 420 878 398 963 85 80 243 139 901 607 799 513 496 503 445 664 357 594 50 285 
989 2 296 104 660 777 860 376 629 795 309 740 362 708 702 447 788 635 277 378 241 75 891 738 579 25 91 626 619 141 911 608 835 206 402 184 673 952 560 302 746 869 41 799 266 433 245 744 67 212 
122 999 288 703 426 557 729 207 873 347 39 783 645 564 989 737 748 661 688 307 653 124 866 694 923 823 126 858 566 884 70 688 573 48 391 999 295 810 206 167 156 936 950 492 499 628 228 246 979 607 
243 632 731 108 325 653 931 142 200 187 716 270 875 288 318 956 978 303 765 874 470 612 809 419 103 307 737 21 553 716 628 796 347 358 594 362 701 215 194 902 402 911 862 967 889 871 923 556 173 687 
429 644 989 237 753 91 234 180 804 477 896 431 272 242 480 557 294 871 462 489 772 864 89 324 520 668 194 132 224 367 820 653 701 498 581 144 590 505 14 393 983 910 514 945 842 994 501 135 865 653 
314 326 206 93 650 727 762 534 859 986 902 368 328 292 867 909 126 146 104 140 229 86 740 743 30 581 427 222 407 982 875 721 307 81 505 648 808 266 181 356 251 773 725 269 756 591 869 882 427 973 
713 656 58 452 88 88 724 515 0 130 186 876 541 494 957 45 832 454 1 12 810 943 476 534 212 231 815 80 803 241 743 515 587 801 658 366 579 381 571 580 201 758 455 742 942 101 478 773 555 479 
475 364 422 951 899 324 181 713 94 675 645 837 880 922 637 537 287 906 608 859 485 809 616 630 241 557 731 409 19 285 578 494 650 1000 135 238 13 316 641 107 681 976 944 561 898 270 97 875 176 706 
733 351 204 38 672 135 285 402 544 304 378 122 799 718 812 934 646 826 940 286 623 621 953 567 872 850 527 969 724 703 364 147 745 259 185 416 394 471 508 939 775 576 751 263 293 562 887 629 77 517 
606 701 828 558 267 699 97 794 357 821 187 412 658 932 671 534 37 755 4 235 693 469 812 443 423 795 696 1000 424 773 516 29 473 33 587 430 732 684 224 780 194 101 191 543 723 552 76 760 306 771 
685 690 239 496 823 352 291 518 352 405 982 558 124 454 592 401 885 323 775 799 793 659 900 984 201 622 225 968 71 532 738 756 912 668 943 734 19 924 943 61 328 924 620 142 67 211 543 952 224 317 
440 17 976 339 691 868 651 917 835 412 138 263 168 49 931 801 473 640 724 415 702 51 338 11 193 96 913 426 47 827 743 178 534 408 207 225 966 859 832 491 961 660 754 819 399 684 619 872 13 342 

50 50
287 715 393 315 416 276 411 328 392 149 155 825 327 689 233 534 604 889 82 125 379 43 785 132 862 183 506 481 55 520 823 32 925 907 347 341 873 449 669 265 598 514 780 615 894 12 148 187 592 922 
313 971 965 788 103 516 662 609 687 407 819 200 439 744 797 476 84 359 615 443 314 212 648 94 517 541 797 666 728 388 277 731 359 932 519 152 447 180 761 825 277 270 24 716 13 821 882 97 179 497 
230 184 399 878 278 917 108 74 272 527 463 549 257 822 170 466 974 617 646 424 441 613 694 155 328 707 976 901 494 846 87 725 29 486 292 307 92 401 71 54 928 534 293 875 45 463 341 18 80 677 
133 211 290 827 367 308 224 32 208 408 568 295 823 597 472 115 594 564 206 666 619 824 890 912 698 936 375 38 644 145 716 777 46 696 294 103 3 208 136 903 616 394 197 439 992 359 244 275 924 450 
631 232 273 211 834 661 146 899 700 480 734 105 257 781 491 551 884 494 449 710 396 64 104 284 503 786 643 437 751 256 887 72 178 850 283 12 511 119 911 901 599 645 696 856 115 186 96 689 370 545 
399 767 610 193 741 803 979 383 240 729 330 817 491 508 667 774 520 868 893 121 458 492 456 153 37 571 29 134 950 399 369 348 856 669 231 596 472 209 980 402 629 1000 909 119 507 265 584 718 132 476 
839 280 968 985 433 5 245 152 830 194 552 198 233 407 868 464 3 29 674 673 121 993 672 720 802 869 986 385 586 808 862 424 88 519 408 521 214 343 674 734 538 916 623 771 322 180 234 15 900 598 
378 20 590 740 740 392 609 415 467 194 223 18 309 311 538 407 832 442 751 195 176 288 801 799 58 123 979 983 829 568 581 898 588 861 637 17 943 245 433 410 130 656 428 439 657 656 846 178 98 596 
374 965 884 174 453 632 988 121 615 507 689 886 404 967 746 40 674 689 977 106 789 106 452 216 235 799 873 80 978 661 677 41 315 250 906 458 573 894 579 878 90 958 453 494 924 198 224 597 577 891 
394 365 687 536 272 922 335 835 2 312 495 369 353 500 309 949 958 572 842 536 139 622 493 592 806 106 791 30 703 57 611 787 423 298 323 695 219 348 529 912 660 714 971 703 213 971 341 861 542 183 
86 682 495 269 964 301 375 754 21 768 502 632 555 925 620 568 309 530 916 838 441 265 241 102 658 144 72 999 4 304 872 90 676 367 359 640 358 424 83 379 191 585 701 436 199 321 3 508 851 609 
35 982 564 276 774 221 110 536 911 114 531 782 895 897 839 944 536 196 367 310 265 249 585 657 685 785 978 379 983 518 678 18 189 242 985 654 153 95 189 63 900 720 846 795 617 374 738 843 261 105 
843 216 44 428 873 729 903 540 798 885 57 166 593 938 408 268 591 561 363 780 625 262 190 160 56 497 224 485 29 485 280 873 702 324 300 264 743 202 805 541 777 862 707 370 489 805 638 79 365 691 
550 680 643 430 530 390 927 755 875 646 930 154 518 321 478 818 586 220 710 390 451 177 942 848 237 431 342 565 200 398 255 440 77 898 870 298 978 486 52 852 132 672 696 340 994 864 158 579 775 558 
969 225 735 600 764 662 30 796 226 922 193 481 361 962 69 922 259 46 97 1 589 920 673 284 260 356 839 108 935 613 356 593 528 782 193 291 443 914 87 670 525 280 841 577 932 600 498 190 337 285 
882 926 205 555 900 155 911 738 954 536 350 309 819 879 90 702 860 224 306 637 584 831 608 424 407 539 24 595 420 361 881 301 977 776 546 566 621 147 304 574 683 344 883 191 913 664 894 773 578 890 
99 161 720 707 585 818 246 299 412 666 350 983 657 326 758 203 893 378 350 887 642 723 921 215 914 834 879 497 296 146 386 395 307 106 102 582 924 38 882 25 394 231 8 50 248 766 253 831 835 603 
407 476 325 327 691 930 851 259 426 146 405 813 232 402 609 24 985 222 62 556 247 146 787 255 196 725 712 140 245 236 433 652 712 759 980 93 688 520 42 804 667 448 616 899 850 224 923 524 136 675 
79 384 821 557 329 707 281 731 847 217 657 280 869 59 729 538 152 106 58 194 910 415 332 216 3 182 130 616 396 267 290 476 341 801 32 360 197 3 91 735 220 748 705 89 807 123 317 649 229 375 
844 829 480 866 44 483 738 866 98 134 132 78 610 163 569 642 523 457 335 304 191 556 743 896 335 549 18 652 889 938 718 422 766 197 287 501 371 25 56 159 159 188 238 459 41 497 791 564 954 125 
869 835 371 301 730 706 540 438 358 428 65 766 850 522 653 828 713 23 853 769 183 702 647 111 851 688 608 641 942 252 456 810 86 828 110 817 533 341 945 581 769 701 346 309 222 1000 136 935 713 679 
703 896 70 349 697 921 727 305 251 668 557 707 168 643 534 969 149 758 309 785 338 78 485 375 387 397 374 213 331 777 892 724 673 962 763 369 572 489 364 823 847 611 529 14 945 754 984 784 511 983 
568 539 60 743 914 137 139 978 40 470 755 622 884 117 583 646 176 845 825 541 667 672 842 887 686 786 640 359 570 841 342 828 379 92 571 293 921 710 270 961 871 715 583 754 832 856 90 699 391 915 
239 57 586 771 634 963 557 273 321 817 804 353 644 183 446 214 166 56 615 126 707 485 842 980 929 363 526 709 61 917 624 991 974 900 762 608 552 8 571 564 825 375 917 468 248 52 373 414 799 988 
540 506 162 381 485 781 435 10 490 496 927 804 177 591 393 939 889 946 637 149 199 461 524 115 619 772 859 682 876 657 669 416 162 521 487 338 993 922 38 482 108 966 976 285 246 368 914 134 3 240 
283 202 391 498 8 9 960 867 382 836 213 741 942 66 262 428 404 254 40 442 426 839 97 401 814 33 459 417 167 153 657 141 355 47 329 363 747 979 920 128 504 133 560 445 890 822 564 293 766 294 
425 191 132 213 282 946 246 431 362 104 584 709 936 630 446 264 683 192 242 603 11 747 426 571 882 315 82 445 298 848 739 413 729 871 626 701 506 563 822 558 667 406 266 602 35 402 556 408 595 798 
10 296 234 126 867 116 131 639 251 119 486 991 533 905 551 849 295 748 411 116 996 77 212 953 369 247 354 925 656 949 413 356 244 337 173 801 143 304 439 395 424 615 75 647 209 316 495 504 63 597 
311 59 674 523 11 734 771 365 658 116 4 761 162 939 98 25 740 241 330 869 636 444 484 401 781 383 718 275 888 781 872 198 530 236 721 231 660 181 287 7 988 291 769 841 229 867 866 659 798 886 
218 124 19 392 525 800 775 242 766 352 714 327 240 934 253 652 165 913 833 452 921 511 743 689 351 662 245 907 11 42 793 920 166 812 311 692 302 85 624 67 128 27 394 368 962 648 19 126 250 543 
268 170 53 701 549 94 52 794 691 63 527 483 983 693 986 984 74 287 69 389 44 197 416 128 255 377 466 275 193 717 818 461 887 871 161 126 655 214 920 345 968 446 519 641 830 194 624 594 171 693 
983 215 580 399 343 836 466 810 110 660 216 618 120 793 178 973 919 833 877 529 868 844 665 76 484 494 270 108 88 441 491 70 346 762 159 380 287 626 880 87 285 95 705 95 888 883 758 807 405 634 
25 963 168 690 39 342 184 1000 140 963 131 322 723 477 83 883 857 60 508 736 147 483 831 542 268 409 114 717 906 519 40 931 171 208 620 901 241 494 901 381 456 31 703 179 508 476 61 55 536 259 
791 373 432 312 915 390 721 28 106 316 237 147 246 99 45 556 1000 286 50 900 668 506 621 60 375 820 537 126 875 72 75 355 136 507 357 50 898 77 770 694 393 697 841 329 796 577 886 796 863 936 
385 530 131 6 591 197 516 818 323 390 580 89 435 716 596 793 457 183 870 226 568 954 923 98 973 409 675 858 204 538 483 279 758 305 285 38 192 491 856 515 881 126 294 316 842 581 108 298 454 668 
214 21 311 828 120 975 236 795 522 130 22 696 409 471 0 385 509 192 876 55 397 447 181 692 453 713 963 251 702 416 609 916 438 921 433 248 585 669 733 106 489 756 802 589 226 492 974 425 374 539 
170 772 986 351 153 128 64 115 379 766 531 989 371 659 599 805 907 183 163 640 980 343 395 782 932 311 273 905 426 648 133 597 109 810 638 953 938 702 758 317 157 979 305 219 638 594 714 544 777 877 
183 446 910 268 227 841 269 191 745 386 529 569 983 638 378 620 280 315 12 37 632 860 15 627 78 653 220 482 888 687 359 761 133 268 720 50 800 989 241 544 374 460 803 46 788 180 357 67 496 59 
104 818 919 811 445 688 153 355 169 40 733 218 492 556 177 211 296 977 199 228 210 264 688 13 0 476 193 357 543 689 416 338 197 25 839 642 713 992 687 882 723 109 791 214 665 968 425 652 944 314 
880 153 268 567 166 960 733 50 316 276 429 423 304 626 448 142 267 851 824 645 422 236 754 212 140 109 870 255 761 813 260 640 657 528 897 513 487 630 563 494 596 993 607 590 618 745 422 576 595 936 
911 707 172 664 920 2 463 789 258 223 292 518 553 949 736 140 151 914 460 715 97 55 397 704 645 14 448 757 280 733 692 190 439 864 545 48 867 698 838 815 612 820 332 164 458 758 995 609 671 454 
13 768 199 410 161 534 115 609 290 395 341 983 276 781 846 511 829 402 208 356 216 820 866 238 675 323 997 359 623 357 814 636 816 12 737 977 237 852 276 527 937 617 509 903 87 355 413 607 447 312 
653 664 131 209 902 496 222 898 856 845 255 359 171 70 61 908 737 298 759 12 826 695 320 334 598 407 379 701 704 827 12 47 180 835 256 81 20 478 670 876 323 615 925 184 375 987 91 111 284 850 
124 109 234 444 134 522 541 513 914 245 29 616 983 209 450 238 982 471 716 651 36 729 265 962 913 640 948 694 751 922 543 565 722 468 8 856 680 240 58 593 175 779 209 157 988 349 395 969 820 801 
619 547 220 574 198 823 904 145 517 345 757 750 910 478 217 609 23 588 849 773 180 23 551 79 871 538 429 956 197 939 756 506 485 666 80 683 489 984 518 5 328 966 755 929 443 663 537 157 250 75 
930 120 789 480 200 659 708 629 614 905 567 59 411 743 726 181 115 214 855 634 910 874 289 354 802 422 707 28 579 647 103 508 768 892 678 968 240 386 286 854 981 543 913 81 285 328 262 91 232 117 
415 141 991 704 186 482 125 893 510 705 540 613 903 998 194 271 655 434 657 941 978 327 173 890 409 149 909 671 240 140 478 655 282 158 358 468 640 483 50 149 878 280 452 471 277 336 742 932 770 398 
562 747 725 426 327 824 575 235 495 815 375 973 159 347 131 517 505 461 690 246 611 258 526 753 729 494 89 470 115 549 558 678 987 973 794 313 797 368 238 291 873 303 954 31 651 775 238 846 236 928 
91 537 185 618 289 604 111 68 73 917 618 631 284 604 604 77 607 90 445 535 71 7 838 24 729 178 800 967 715 726 585 806 262 460 113 241 64 915 0 137 832 308 459 115 602 753 193 208 843 328 
433 914 26 270 628 755 139 117 722 854 843 306 659 795 456 463 727 520 377 727 348 899 34 497 14 636 249 898 534 782 916 967 385 942 927 703 697 65 821 108 609 353 104 959 839 560 421 255 771 488 

50 50
982 118 387 706 615 91 31 554 679 255 25 594 221 100 536 838 803 923 594 313 721 202 667 825 851 195 74 271 450 845 450 121 963 527 827 267 618 548 511 296 803 226 580 714 326 806 551 820 728 835 
132 448 728 799 963 578 684 37 540 133 882 990 254 535 516 771 492 824 318 694 810 120 920 79 524 937 886 766 756 303 600 888 752 327 377 404 596 60 441 135 194 13 124 448 238 330 910 730 844 227 
113 343 38 33 422 562 970 307 17 725 611 618 302 52 635 679 146 230 740 588 365 624 291 179 762 529 199 671 949 733 899 753 75 627 786 188 188 445 185 206 860 796 514 161 538 148 841 685 69 270 
963 124 894 944 995 655 162 193 16 801 927 915 553 692 541 338 570 419 473 756 315 332 241 829 184 780 668 715 154 427 985 807 551 568 750 545 913 912 429 929 402 45 533 956 737 73 984 998 183 457 
753 498 479 994 17 663 463 375 377 307 802 51 113 352 309 553 588 222 154 16 150 557 61 684 512 488 447 185 485 320 642 928 509 812 612 526 474 765 901 542 72 392 283 876 434 593 119 21 815 273 
37 655 520 789 28 31 968 166 908 142 486 549 70 995 360 682 210 525 446 110 757 208 192 39 775 627 632 894 648 136 166 376 482 377 164 510 408 822 676 315 965 853 555 34 537 605 406 748 129 542 
548 576 751 741 616 215 367 938 108 14 74 965 80 556 341 936 756 440 757 122 445 721 975 690 755 201 295 851 949 114 393 497 691 834 928 306 48 294 934 847 999 698 811 79 944 843 14 700 282 461 
822 727 182 486 107 627 687 402 478 326 516 561 823 897 394 750 893 442 734 827 979 732 524 789 501 468 631 205 858 603 667 369 20 539 545 127 165 922 529 333 247 735 894 760 632 978 199 214 109 933 
40 87 355 255 877 546 413 197 442 270 801 108 329 821 337 874 948 192 795 166 526 42 591 109 492 913 87 692 127 196 314 858 975 359 112 851 906 215 738 347 175 538 145 504 48 482 377 686 364 863 
852 580 905 443 690 86 355 467 778 172 353 92 30 327 141 833 868 46 48 606 83 223 834 228 728 573 400 795 258 765 657 801 344 251 243 724 338 288 881 115 461 925 898 491 251 39 13 810 776 61 
105 860 285 629 87 703 201 178 497 460 943 154 260 977 405 193 391 743 481 271 549 632 195 136 813 137 175 827 637 642 888 742 501 863 370 278 565 262 456 62 722 88 907 672 756 311 865 837 54 35 
798 293 668 994 429 170 821 295 997 147 937 575 579 127 437 639 405 693 901 552 445 622 330 351 293 776 662 848 612 406 884 410 699 551 93 819 411 604 113 408 751 49 673 329 176 800 658 271 492 559 
823 627 871 844 978 855 619 330 702 231 426 585 331 816 826 424 634 237 27 747 335 468 486 7 487 352 807 144 623 990 393 136 616 264 980 284 118 288 614 510 209 730 95 540 545 611 654 869 848 371 
305 873 839 791 880 325 142 377 160 456 366 553 282 672 507 952 646 625 239 259 135 449 680 921 679 224 531 333 784 69 704 88 942 233 880 512 248 712 579 408 858 635 652 139 306 158 90 953 474 20 
902 299 469 271 910 838 186 130 861 970 199 255 57 832 488 627 33 736 29 612 835 887 937 176 26 933 24 807 575 188 827 167 487 986 438 86 824 624 217 374 593 106 629 341 938 116 968 661 543 997 
963 377 574 899 243 600 522 267 96 96 456 924 263 633 599 702 720 112 15 937 487 299 42 115 640 671 232 297 21 465 294 985 532 868 573 775 157 785 732 944 882 187 867 835 511 156 536 230 268 242 
857 755 541 589 871 871 259 793 167 972 257 151 646 479 18 909 253 866 694 985 810 575 863 366 409 373 522 636 293 791 878 840 235 108 428 796 979 378 278 836 349 225 988 995 704 696 903 957 562 596 
632 61 861 184 427 961 247 640 596 540 120 163 69 355 962 497 842 940 565 119 465 914 345 452 598 48 148 191 696 400 477 17 461 28 201 578 989 448 217 584 678 27 437 747 73 398 934 915 27 499 
33 492 102 378 635 391 117 783 582 503 182 749 520 333 777 721 601 765 859 509 38 536 536 475 973 609 563 906 523 590 94 247 773 197 315 407 588 432 189 860 935 61 608 144 84 75 865 685 840 723 
193 879 949 730 43 921 28 607 827 552 887 611 799 659 498 113 65 85 236 945 635 861 696 934 5 780 8 560 465 848 283 348 416 231 77 460 843 106 757 359 348 643 970 837 302 468 640 367 243 876 
2 569 737 698 502 742 168 510 992 633 47 274 671 154 196 749 614 729 545 370 87 583 703 56 419 4 214 58 62 458 625 64 26 361 452 218 793 620 728 784 943 465 749 614 619 635 52 923 363 597 
983 450 870 686 196 979 690 101 36 442 559 351 196 275 712 649 493 194 268 911 669 211 65 417 825 685 742 567 297 104 163 280 244 723 656 130 701 35 231 427 478 480 779 674 755 180 12 938 375 281 
538 43 182 604 150 697 979 582 263 966 686 116 936 620 839 591 750 229 627 982 656 795 151 434 158 907 615 171 534 680 142 763 413 324 56 253 711 725 835 664 690 210 780 626 830 308 907 269 537 223 
941 883 17 92 7 176 689 312 37 913 992 179 675 94 503 731 347 904 455 872 567 836 81 36 461 601 344 57 870 571 281 501 453 298 593 150 164 281 462 201 884 143 380 559 237 573 980 274 476 435 
145 733 270 226 769 421 827 803 478 387 373 759 888 517 748 480 667 912 451 820 804 334 963 183 583 891 447 563 164 613 998 310 346 958 226 805 68 744 608 236 130 671 996 17 187 433 187 545 344 328 
364 147 352 16 21 936 907 468 498 762 771 185 71 116 833 988 612 901 731 219 136 551 890 822 568 768 254 445 312 289 773 366 126 125 382 838 751 980 996 248 741 767 123 502 573 956 489 184 546 911 
93 372 461 674 885 720 441 829 164 443 808 628 499 625 443 571 462 193 550 148 131 290 915 254 482 177 900 972 52 135 572 145 507 32 509 81 442 640 911 607 82 718 925 271 342 367 843 495 560 392 
643 691 373 247 635 855 424 224 516 166 359 87 2 866 811 511 948 252 151 548 549 924 265 473 886 298 840 728 793 89 810 125 470 182 372 795 728 486 18 934 653 377 712 345 934 522 856 571 464 697 
118 13 621 73 176 506 61 707 924 854 486 733 669 957 606 40 751 23 217 460 957 560 837 668 905 460 880 760 30 344 147 839 47 768 603 223 964 664 930 577 208 416 1000 877 62 605 608 503 628 825 
963 275 384 490 943 979 950 823 738 671 857 575 509 904 342 802 126 996 466 747 262 364 853 262 240 915 867 848 107 185 362 70 460 436 560 92 414 199 605 843 870 461 417 69 364 450 561 181 135 26 
618 398 390 470 660 321 74 216 168 181 401 221 942 551 657 191 334 71 391 939 914 951 90 330 710 144 780 271 325 916 988 943 313 378 102 663 699 867 879 557 48 971 778 680 211 435 872 235 196 953 
174 109 593 955 129 303 98 600 574 114 515 561 747 518 629 850 871 17 716 749 265 454 409 733 134 311 858 696 546 53 338 410 853 931 364 983 924 463 582 187 267 787 439 13 304 758 863 174 776 269 
613 40 413 713 463 237 23 321 933 569 374 961 980 227 582 343 900 505 496 171 693 763 958 822 777 952 579 329 816 354 288 428 84 702 140 238 939 163 559 562 423 933 522 402 850 103 435 439 299 932 
610 682 384 567 503 851 518 772 180 333 817 158 452 901 860 282 138 489 136 387 50 559 10 262 651 860 56 85 990 355 16 599 727 401 166 229 942 374 0 121 398 817 971 540 408 830 822 236 318 648 
624 58 206 634 321 857 183 377 943 172 422 649 462 148 740 628 377 682 692 67 493 780 575 463 319 673 984 141 909 992 479 222 50 686 546 61 232 420 438 865 592 550 204 53 698 944 371 765 625 754 
832 809 533 96 271 853 769 945 684 368 937 162 280 677 538 827 738 461 246 866 15 528 415 219 272 112 163 333 567 478 86 88 977 310 185 248 853 644 883 226 11 819 388 983 495 617 499 923 768 745 
478 783 963 583 693 925 385 546 258 952 23 34 40 0 344 225 939 196 559 821 422 261 330 501 243 515 808 742 128 575 176 606 47 138 189 740 754 574 285 11 526 1000 45 566 690 80 481 318 967 730 
829 79 991 158 580 233 364 77 665 492 342 841 97 79 670 286 510 423 551 795 124 767 484 169 22 864 940 503 181 907 923 701 986 914 859 255 837 913 22 502 404 364 32 502 443 702 478 953 815 719 
438 939 485 612 799 507 476 738 700 347 644 623 738 319 536 597 264 372 199 286 564 604 340 597 105 474 989 273 116 804 993 244 742 477 857 540 985 22 278 684 59 612 997 798 622 532 84 576 595 283 
863 158 887 893 445 682 366 434 646 483 237 638 727 669 805 273 209 479 295 177 854 45 479 850 843 100 382 617 677 667 900 229 515 477 121 961 158 488 394 804 661 321 131 77 990 627 351 889 105 336 
65 959 71 545 499 914 335 881 220 702 237 120 931 752 597 52 712 445 230 796 940 581 807 761 658 797 387 699 685 493 726 751 141 797 986 640 401 320 210 621 22 447 741 643 890 27 385 601 163 615 
87 102 886 894 863 544 380 941 933 65 123 658 506 264 455 181 595 856 191 495 476 904 943 908 547 832 935 932 122 788 237 900 890 122 484 443 356 864 383 289 619 506 637 815 460 91 996 54 637 187 
240 804 781 182 711 327 704 335 950 516 123 186 106 703 999 590 145 45 453 218 334 72 724 971 887 875 753 573 619 79 450 859 883 230 731 593 248 124 929 197 331 742 73 437 444 71 26 590 116 479 
808 140 241 222 802 819 787 244 81 405 323 531 955 206 451 685 799 699 810 417 586 140 158 659 267 603 731 293 883 537 462 380 678 704 292 169 212 78 413 293 174 736 514 128 942 965 503 741 354 2 
848 940 833 6 289 99 299 19 392 181 246 855 251 924 248 544 783 150 312 195 443 486 932 647 304 873 301 808 303 655 810 151 285 643 848 264 742 146 283 825 17 219 369 268 834 307 502 616 457 815 
812 590 991 743 236 295 305 537 102 609 883 912 450 858 554 297 121 987 133 94 811 841 313 870 799 837 176 301 453 633 806 264 222 796 697 148 90 1 685 192 300 257 795 440 805 38 427 926 24 560 
710 525 90 714 394 890 550 260 190 2 893 686 957 805 481 653 953 572 345 328 454 645 275 248 776 80 978 202 696 1 763 406 217 853 119 301 432 359 562 312 362 144 998 318 640 479 662 592 741 6 
610 885 341 886 824 116 656 801 319 351 492 772 757 709 314 566 701 437 926 262 749 978 96 747 986 736 916 647 18 656 343 628 540 685 203 363 491 859 163 500 210 656 962 657 54 967 223 755 403 839 
707 151 816 804 588 801 539 503 448 557 849 481 876 389 856 78 442 347 628 296 537 838 642 189 494 386 155 407 141 248 245 538 89 60 341 678 862 571 871 1000 818 720 170 383 799 26 462 240 63 89 
226 600 617 868 479 801 254 324 208 85 572 453 623 352 204 655 720 756 916 590 445 423 309 615 807 107 641 268 38 704 47 264 995 354 823 473 154 767 798 52 852 59 196 164 411 400 509 130 155 424 

50 50
721 600 538 720 214 344 828 856 302 556 249 349 820 243 393 332 717 237 98 514 290 950 263 486 805 675 576 3 805 731 118 215 20 656 936 925 1000 453 470 301 8 720 340 518 963 733 851 369 660 949 
573 950 589 837 125 393 511 701 86 5 121 204 221 141 860 847 66 859 299 226 850 307 946 189 515 599 612 365 968 272 314 231 912 903 67 37 986 268 738 71 964 550 967 184 691 826 721 447 375 19 
674 224 16 309 104 532 908 716 897 566 988 901 487 900 493 244 627 478 512 364 240 475 914 897 350 295 722 70 432 787 781 796 11 797 105 115 18 703 521 916 959 509 506 445 98 1000 689 725 167 891 
779 97 56 383 994 96 368 406 166 800 192 637 596 203 124 391 8 142 93 530 748 52 729 254 187 517 253 877 241 110 457 710 208 513 783 201 609 150 607 466 951 800 793 236 693 917 627 392 59 410 
922 807 152 340 751 340 857 694 907 788 805 363 187 12 567 971 213 866 120 511 21 761 310 815 997 693 731 623 84 480 724 5 978 876 35 728 906 892 112 812 369 917 866 557 929 122 217 832 678 337 
342 700 98 342 204 94 35 625 408 119 105 131 816 773 697 851 190 603 433 302 414 492 218 970 739 837 782 956 359 460 293 391 159 391 734 53 175 769 678 273 578 473 94 393 245 792 935 436 394 57 
428 498 549 337 158 288 864 940 243 222 399 226 614 248 307 37 301 483 806 980 446 73 452 541 467 388 22 91 514 106 148 632 604 387 969 452 675 833 392 609 745 481 835 48 730 142 85 30 315 581 
700 451 655 843 682 812 921 704 903 434 810 741 65 104 127 725 556 493 557 638 101 992 119 626 40 539 458 125 259 463 707 960 915 361 492 596 863 412 991 765 536 800 195 291 904 322 706 150 505 262 
788 606 945 597 923 985 135 380 109 395 534 506 44 448 557 226 734 419 328 724 874 864 214 68 845 808 81 551 958 586 503 436 883 447 32 805 121 859 875 231 253 408 427 988 546 985 213 971 93 541 
384 968 94 598 35 939 406 116 179 53 393 373 489 275 820 212 770 632 70 644 553 323 743 980 0 979 964 213 639 57 754 23 715 538 311 440 166 407 247 346 461 640 719 640 915 228 852 684 860 922 
17 412 935 450 82 935 429 736 147 67 793 591 781 197 819 92 638 986 499 885 331 650 524 740 290 128 658 832 812 208 754 519 310 378 970 392 313 398 128 150 155 611 432 627 809 250 719 446 235 908 
20 256 248 544 686 538 672 34 59 173 242 813 692 242 191 661 635 194 749 453 34 595 63 466 221 562 407 630 698 332 227 718 589 475 261 965 703 623 999 763 796 931 265 178 173 146 839 498 340 278 
951 65 563 704 531 784 266 628 103 964 961 330 372 239 806 633 203 198 947 893 961 742 823 917 920 686 62 449 183 93 417 133 158 980 528 379 453 794 7 246 447 968 576 819 206 71 142 99 961 88 
992 921 520 815 527 130 190 590 269 374 373 686 197 531 355 725 600 498 208 607 744 656 574 9 164 470 772 997 570 732 775 561 342 295 65 870 115 256 149 384 320 522 760 517 743 805 933 342 302 140 
950 736 486 213 745 651 374 516 337 944 938 112 194 280 97 260 840 212 206 989 286 526 200 45 733 943 850 665 284 842 496 924 577 982 828 321 322 201 528 660 835 155 462 28 435 559 979 274 771 184 
953 56 400 152 792 824 94 641 178 69 482 674 683 749 346 200 69 358 401 287 17 926 443 479 955 568 728 623 533 188 498 485 244 898 328 726 411 112 366 590 181 538 954 555 286 990 755 46 348 847 
23 55 772 156 225 416 725 953 39 948 141 537 432 75 434 450 802 536 563 858 816 744 86 769 989 62 759 744 108 797 590 823 852 361 979 76 778 393 29 817 340 861 353 463 936 477 913 427 703 475 
285 518 910 61 978 898 123 736 331 232 222 921 745 73 973 723 150 440 807 870 256 146 730 299 299 355 466 903 783 169 67 758 377 667 819 354 255 942 780 586 864 1 507 608 75 169 21 916 609 828 
475 555 664 895 854 654 249 9 556 722 869 623 479 246 290 988 600 545 620 70 130 483 71 327 782 837 186 493 442 795 320 917 349 674 811 893 327 60 593 573 472 461 196 642 397 176 629 998 721 939 
758 541 112 829 559 894 356 745 76 798 540 86 715 579 760 525 162 778 275 755 350 748 215 546 389 303 412 708 991 132 647 748 364 449 576 923 32 932 667 108 730 897 194 134 166 954 349 328 421 625 
773 772 62 678 7 141 981 420 539 971 242 876 718 606 324 985 528 356 916 886 464 335 472 658 469 638 302 819 656 413 133 428 184 195 106 883 26 777 993 565 748 925 441 465 531 765 449 749 812 55 
324 275 80 797 624 240 124 616 58 781 28 882 899 904 767 695 786 793 472 468 47 910 392 488 64 613 944 204 52 445 259 376 720 339 172 33 269 988 649 17 768 678 899 356 581 665 51 56 147 213 
524 195 122 606 373 186 219 6 390 271 451 339 337 862 369 510 895 638 187 544 656 955 912 244 0 492 600 742 238 747 645 762 632 767 57 5 644 967 702 724 237 153 754 265 705 813 775 599 450 962 
833 796 606 434 40 296 616 330 38 854 76 683 305 399 140 363 94 474 329 796 888 257 639 331 522 343 143 987 633 284 638 155 79 934 590 810 229 896 139 958 750 907 331 54 305 161 417 399 325 437 
885 903 694 524 234 906 557 377 892 880 661 219 726 431 152 315 931 71 210 761 720 650 667 741 705 662 592 812 751 917 248 635 819 632 849 743 537 96 120 118 976 471 337 701 592 179 706 523 251 607 
283 661 256 640 401 651 992 993 463 742 599 711 66 417 343 606 851 880 702 971 999 367 131 25 759 724 205 464 246 146 761 219 807 708 859 898 358 540 890 821 281 178 222 37 595 565 643 445 134 34 
105 823 402 237 849 160 961 744 314 897 890 766 115 696 473 664 593 831 894 172 342 174 350 564 902 635 819 235 771 953 269 566 466 361 803 4 211 453 748 216 39 637 982 845 22 454 198 305 975 91 
477 316 956 517 880 858 151 698 92 922 341 51 488 497 413 981 501 314 124 939 530 163 265 201 8 287 655 897 592 320 989 759 636 944 275 206 491 426 594 273 38 625 325 216 121 428 887 312 432 10 
250 963 865 205 854 563 492 199 459 774 519 447 222 845 81 497 50 572 614 335 536 342 960 861 558 772 979 444 83 410 145 24 62 9 229 917 262 412 115 721 876 324 859 98 168 630 595 910 201 899 
244 737 240 203 287 488 665 956 623 749 56 768 463 118 467 382 725 729 794 530 139 670 854 688 768 713 317 52 622 209 952 866 636 191 759 924 370 424 569 993 863 625 760 325 434 917 707 158 335 191 
379 164 861 923 853 318 635 169 370 256 378 11 812 14 894 571 628 263 685 887 255 237 512 705 252 946 621 959 794 646 840 863 810 390 786 662 708 420 522 769 367 900 470 178 604 363 439 922 626 123 
809 571 360 320 275 612 956 586 261 439 231 791 302 41 181 778 393 579 888 915 347 254 815 508 123 108 871 562 30 187 376 529 758 426 539 724 729 184 309 680 623 231 160 615 272 341 82 355 611 971 
270 958 915 775 155 37 883 26 290 603 904 356 822 351 472 360 74 200 544 74 570 858 996 731 162 958 762 245 312 372 906 582 20 820 356 175 548 930 892 838 532 795 884 354 146 355 404 911 246 639 
675 506 496 670 927 348 627 689 593 940 60 498 211 771 8 568 947 556 497 528 83 719 323 657 763 159 11 858 69 948 496 435 454 682 104 380 29 422 759 623 51 510 811 262 280 509 830 917 64 16 
445 838 736 458 494 188 617 196 45 376 834 541 811 978 222 606 48 252 718 807 565 769 316 65 30 287 575 551 894 329 567 338 858 993 486 41 181 793 928 917 860 762 148 670 739 60 966 787 2 683 
284 567 451 290 323 172 577 588 723 471 917 289 499 464 973 676 506 844 468 433 760 327 885 598 688 314 659 343 791 661 26 74 228 167 365 241 339 632 829 752 793 745 41 983 900 704 658 405 547 816 
528 997 143 103 595 521 417 253 864 207 914 580 973 832 438 27 72 777 349 591 219 142 336 951 124 235 654 472 330 200 287 548 887 120 651 481 641 67 424 195 966 338 775 628 860 212 655 623 680 3 
213 899 836 239 849 960 164 192 121 494 82 409 42 969 219 693 140 861 451 564 746 106 592 520 734 452 423 388 74 793 81 287 381 918 217 920 567 381 111 689 876 193 788 608 161 6 991 301 557 441 
556 302 237 147 513 971 599 626 358 363 418 130 341 489 47 558 408 614 939 519 302 504 712 89 111 563 96 793 555 343 924 110 646 161 257 158 131 547 474 180 910 892 310 941 380 357 498 788 971 437 
997 964 631 398 52 433 961 839 225 205 182 148 315 518 309 263 366 441 810 840 311 409 731 621 350 801 978 848 278 638 975 274 601 606 362 344 38 12 182 954 218 54 101 223 572 101 486 628 542 295 
467 853 395 888 163 745 688 140 592 656 778 257 620 69 553 982 413 281 995 285 234 903 340 25 125 602 126 302 230 668 597 387 210 682 275 63 426 653 203 709 1000 672 966 619 741 518 291 153 489 285 
128 723 878 468 748 2 761 875 304 681 232 592 67 133 273 32 196 390 376 90 98 375 762 63 994 192 271 284 35 760 259 163 172 136 322 610 830 82 174 824 453 407 105 520 230 69 243 116 459 619 
206 557 994 658 310 677 540 271 652 575 30 911 429 893 738 751 502 257 523 367 80 976 774 877 185 694 946 428 810 404 46 707 651 730 364 961 407 905 231 58 169 952 659 288 844 396 729 35 343 251 
402 424 917 866 991 102 249 936 220 59 339 958 766 990 687 820 640 93 414 871 842 274 822 501 562 355 587 291 80 931 232 173 44 149 729 34 942 979 970 161 728 999 118 493 678 806 2 317 589 107 
878 431 381 699 622 943 744 208 233 824 138 466 687 873 305 416 907 246 394 566 97 121 254 216 304 932 712 997 939 991 103 816 421 484 204 42 117 948 942 350 462 770 506 148 643 501 254 549 747 648 
806 535 459 59 441 763 682 843 450 620 833 553 126 945 728 330 677 845 278 618 885 430 388 391 268 30 582 523 269 19 170 765 554 630 825 995 82 196 837 222 506 669 776 632 303 503 963 981 347 931 
288 922 360 676 312 628 396 585 150 356 604 11 120 157 331 635 151 103 831 678 326 337 36 101 659 340 294 621 320 331 551 608 252 601 975 255 920 60 840 69 416 443 771 227 290 101 862 131 205 383 
809 221 410 845 12 68 875 306 380 194 327 931 493 269 222 157 524 141 217 53 210 634 186 672 861 476 773 412 607 668 485 105 579 895 641 591 654 515 587 33 400 914 964 583 183 185 740 397 16 647 
451 227 971 637 899 831 804 361 934 100 720 418 206 298 313 537 890 657 51 476 690 451 80 343 724 954 219 463 350 235 801 491 152 771 128 741 292 622 102 225 722 512 643 618 810 646 154 389 302 206 
556 682 347 636 25 762 279 244 224 629 479 715 120 632 486 939 372 778 560 164 2 972 676 335 590 176 672 744 565 664 640 120 346 678 446 371 439 725 615 353 44 784 68 855 105 554 793 478 331 42 

50 50
332 23 704 8 358 293 184 720 728 439 384 367 250 730 735 696 100 173 111 405 527 155 879 285 9 985 839 492 152 860 224 484 883 928 182 931 221 56 651 949 496 34 5 746 454 741 131 244 604 242 
339 821 397 217 105 96 201 634 588 43 493 812 528 65 740 710 687 651 767 337 289 953 61 294 698 515 725 829 759 19 762 97 840 158 4 946 255 206 269 533 249 763 345 467 518 775 868 204 425 324 
541 714 276 292 698 664 497 423 182 255 132 944 42 972 793 738 607 47 634 877 580 573 329 615 40 847 389 908 742 814 231 282 217 197 265 916 861 762 28 42 708 160 677 440 822 469 177 429 206 811 
996 476 384 324 91 424 861 170 21 602 675 943 575 892 139 840 497 690 601 525 732 999 375 98 439 197 567 616 626 773 117 311 249 501 635 30 615 185 200 636 788 875 268 362 457 407 892 954 96 182 
479 518 181 854 307 310 50 874 926 366 337 42 677 586 233 1 616 848 187 506 173 665 381 441 26 528 538 918 481 324 99 960 533 971 504 840 280 244 713 897 301 740 629 668 325 863 360 631 400 547 
137 574 211 208 705 928 736 934 535 907 257 634 867 790 295 60 319 575 304 32 471 605 772 791 964 788 653 323 108 743 560 936 6 771 834 712 388 259 645 923 166 592 246 32 72 541 783 391 807 86 
113 277 382 576 758 345 363 410 358 161 844 918 97 850 378 621 561 766 881 896 688 46 178 934 769 250 475 551 641 281 637 445 248 709 20 697 744 73 106 101 234 950 709 21 490 86 643 741 852 523 
637 229 569 505 163 27 755 328 578 85 299 905 530 237 304 240 934 47 313 731 840 238 370 548 259 860 635 592 601 176 114 928 406 373 432 259 400 877 587 668 962 576 573 182 813 877 422 437 614 426 
167 453 664 537 692 923 87 16 515 688 883 319 305 288 383 737 237 473 613 514 141 264 89 404 136 593 971 249 29 584 675 887 728 338 113 109 951 200 125 155 578 7 165 883 987 548 309 223 711 612 
428 542 567 517 946 703 800 606 952 519 881 316 405 608 654 209 407 295 99 222 450 368 920 615 250 906 853 250 820 564 862 247 105 428 454 742 822 254 347 463 773 918 780 869 215 123 77 622 418 176 
844 559 544 764 864 485 359 407 735 869 971 286 115 766 405 260 197 226 514 235 379 977 152 158 845 368 973 612 990 80 479 524 639 713 978 193 888 336 600 312 205 260 599 10 25 3 270 914 920 474 
148 298 141 300 147 676 358 119 288 38 199 457 562 529 169 229 412 57 565 11 369 460 271 658 471 987 661 431 590 270 596 738 569 737 729 716 412 86 525 390 815 414 847 66 943 707 295 44 764 861 
55 823 10 16 481 481 694 141 603 283 102 198 712 671 935 440 76 36 216 601 117 31 14 654 788 648 360 83 692 814 634 438 637 644 144 117 816 838 949 418 812 50 616 523 411 240 963 487 967 869 
778 83 590 483 738 378 130 788 461 512 602 785 950 238 428 785 45 243 622 994 661 123 735 967 646 145 206 298 323 864 167 100 637 757 583 64 825 403 853 976 606 454 760 555 382 188 29 427 121 652 
110 473 775 845 439 111 681 336 409 694 890 266 794 526 23 67 591 538 160 443 514 766 587 273 11 969 151 40 85 964 382 886 436 848 731 565 959 101 591 57 795 480 324 278 6 37 35 597 575 887 
39 88 652 316 52 353 284 203 394 59 166 466 945 292 313 365 858 962 156 448 19 951 929 343 920 625 380 645 221 645 531 951 734 874 266 476 226 550 679 310 299 536 777 243 518 780 609 65 742 455 
204 451 406 823 794 15 447 864 350 668 198 882 618 932 445 884 97 671 123 777 672 422 2 138 355 210 918 654 276 349 109 480 800 205 302 283 220 439 837 570 106 35 141 414 657 586 297 755 948 110 
221 309 222 914 447 577 123 54 231 89 94 340 569 584 235 561 558 455 1000 394 715 796 119 547 209 467 132 196 221 770 997 132 78 218 45 215 796 859 961 717 949 54 747 207 638 982 459 195 126 148 
280 841 945 89 387 844 556 210 731 467 980 727 599 749 946 334 654 431 193 614 147 832 668 894 38 997 875 187 882 0 336 161 531 971 942 609 814 497 819 234 965 488 962 253 927 597 588 581 27 471 
194 174 302 553 758 30 549 322 218 430 12 244 282 543 214 223 842 718 410 660 953 64 839 914 318 455 510 596 35 227 757 921 401 749 473 849 779 712 170 687 141 182 931 113 415 835 26 257 553 127 
607 505 191 135 418 199 591 618 485 316 845 241 927 936 680 399 474 149 801 644 836 633 516 457 746 931 291 463 878 844 590 175 348 471 310 456 671 591 764 846 908 298 87 524 924 767 614 397 606 414 
731 442 46 246 589 483 868 880 946 745 414 225 920 452 696 921 599 366 201 52 903 108 351 990 323 965 446 937 362 743 350 92 184 397 339 463 880 897 342 515 641 446 740 251 899 435 862 187 492 62 
239 394 862 590 73 184 555 209 120 607 952 160 389 826 557 418 288 126 314 321 641 646 767 70 587 355 506 448 542 688 200 782 81 61 61 845 936 306 744 746 913 696 907 302 521 463 410 500 280 725 
821 611 370 587 682 957 633 187 94 174 875 985 956 646 737 708 180 672 13 924 418 617 619 14 919 831 167 328 20 447 743 841 58 112 117 740 759 750 617 543 615 181 528 260 517 264 968 697 626 982 
620 43 598 930 748 206 450 916 224 470 52 968 0 110 770 117 540 219 558 847 762 172 27 980 432 234 243 400 931 870 71 241 603 669 861 351 565 310 957 789 470 8 446 470 810 907 587 349 125 144 
887 577 6 914 557 439 839 490 529 459 359 290 700 963 959 560 3 213 560 960 692 29 658 829 499 467 735 777 507 550 611 393 817 618 997 373 747 835 864 966 294 913 255 994 565 904 244 568 116 494 
217 808 524 876 326 713 342 60 489 849 300 791 241 117 408 238 490 845 763 43 500 56 957 755 741 521 658 675 780 464 168 997 962 382 872 288 786 905 38 965 443 339 755 685 456 853 613 636 697 65 
370 887 122 326 641 553 537 989 227 6 142 85 3 104 158 565 82 944 159 120 908 603 149 353 978 605 205 590 932 593 655 301 479 467 317 811 19 544 489 937 551 632 713 244 426 871 809 508 814 659 
318 411 261 468 764 238 763 660 518 694 252 863 685 421 330 1 231 39 236 721 667 787 42 379 30 468 940 529 666 753 187 984 854 138 141 308 376 905 968 894 288 910 757 974 20 777 665 943 506 901 
663 172 377 395 241 407 863 180 627 528 623 504 201 477 643 343 475 18 247 132 603 225 41 49 198 752 826 554 694 331 454 46 194 832 441 435 929 303 616 245 521 238 750 723 405 82 65 880 791 2 
11 393 918 743 442 116 495 958 360 879 289 814 926 173 335 366 608 955 670 223 199 190 152 639 603 557 721 668 127 202 360 829 285 278 262 418 84 447 375 444 325 354 948 250 527 974 617 135 928 977 
48 817 857 200 456 460 448 867 818 265 759 869 784 44 146 45 462 921 182 837 54 508 882 692 448 408 355 64 543 282 731 282 790 588 172 245 738 620 802 555 575 561 423 359 295 259 94 757 870 277 
283 614 475 164 306 613 573 661 368 806 634 98 87 423 376 260 358 113 570 850 359 836 100 472 194 395 422 979 151 291 946 125 596 110 289 902 724 862 252 91 358 576 189 445 689 256 395 737 369 966 
587 728 801 377 200 685 773 622 353 614 603 299 739 198 99 28 790 823 580 733 914 938 999 794 383 688 49 778 424 108 433 701 837 924 78 727 608 541 348 962 154 641 951 584 840 49 612 319 563 191 
51 166 820 50 650 893 428 389 670 542 498 794 243 24 717 11 751 15 242 789 667 86 429 307 670 959 356 281 278 609 163 19 776 983 69 425 875 497 815 234 39 312 718 973 26 125 674 777 140 916 
255 497 692 374 804 362 333 850 643 301 459 496 320 234 168 80 349 733 267 854 658 997 856 375 969 882 500 332 658 330 938 603 827 630 978 630 992 310 480 324 301 629 511 621 863 679 391 902 102 659 
756 760 655 611 134 314 493 325 336 841 655 274 134 172 594 111 802 275 421 972 599 412 600 800 32 152 169 424 54 271 773 500 30 117 110 855 431 293 179 768 825 525 732 959 697 325 69 188 600 180 
160 889 592 760 379 314 913 548 428 657 819 891 156 849 8 266 393 439 250 573 897 765 788 628 413 174 643 172 362 242 42 522 822 324 973 200 638 885 748 757 541 256 647 697 104 655 653 187 785 593 
450 681 357 237 1000 460 411 642 632 464 885 674 986 396 998 958 596 326 532 33 82 72 289 419 459 83 765 803 270 549 395 721 920 443 648 919 903 750 561 225 213 135 589 198 531 587 847 817 603 378 
540 375 141 829 794 290 602 558 92 872 797 178 282 717 621 931 325 213 680 886 128 893 711 718 781 932 995 317 748 597 386 978 972 217 806 765 507 407 13 600 970 810 778 251 216 88 872 542 992 241 
117 811 824 829 528 295 760 522 612 198 809 998 175 780 214 672 234 412 769 938 11 428 438 479 680 654 257 241 886 939 483 3 749 997 522 967 291 972 178 904 169 987 591 35 456 496 707 381 908 165 
318 609 594 756 778 964 100 725 895 676 663 377 679 102 64 891 759 355 863 938 949 31 614 540 757 70 726 153 141 323 319 459 932 913 906 399 566 696 123 460 371 476 528 741 268 592 631 27 947 493 
965 896 215 268 125 972 338 851 125 479 173 134 629 795 737 224 193 302 610 6 762 981 172 980 411 131 571 42 158 208 225 813 103 440 771 919 102 109 459 227 278 632 361 597 116 788 821 309 89 120 
5 541 101 868 521 202 999 782 244 847 990 160 349 783 600 120 701 392 920 159 619 888 481 670 485 597 457 996 596 236 116 291 778 908 850 989 109 848 770 44 385 450 204 424 232 494 544 624 887 153 
473 195 41 645 866 216 241 12 902 528 249 708 509 717 305 358 705 415 206 164 149 281 614 353 705 537 537 940 851 423 783 323 309 514 968 174 730 900 877 322 117 816 29 626 532 335 985 927 440 881 
782 589 852 395 632 556 622 168 185 472 282 659 796 591 172 453 455 593 42 21 915 159 838 634 786 59 659 460 677 789 340 458 67 191 543 699 437 165 558 313 637 840 972 122 120 143 266 265 426 308 
286 340 158 123 665 634 874 13 93 550 803 123 698 870 4 240 259 131 95 817 444 423 346 105 235 466 249 501 421 675 500 707 706 658 521 60 291 394 73 74 634 566 197 21 126 201 952 385 22 47 
892 467 160 237 572 395 393 511 587 814 877 86 520 272 434 731 332 725 815 95 489 138 662 686 159 478 577 111 863 599 849 754 756 699 681 328 784 73 529 370 577 405 146 787 677 580 518 699 995 332 
795 483 471 146 859 320 624 125 431 486 725 970 930 480 668 610 498 452 373 718 512 950 122 659 426 490 929 944 188 614 967 673 96 437 819 646 757 442 771 879 618 185 538 237 356 206 847 854 348 910 
571 860 549 384 208 976 564 828 919 752 441 575 115 227 11 934 873 459 66 644 27 374 519 565 612 875 461 458 729 499 58 990 49 607 63 257 582 627 84 191 69 215 766 184 443 468 808 315 617 874 

50 50
649 644 248 168 899 860 42 50 7 461 549 756 141 598 53 204 546 325 522 320 516 591 536 973 465 979 130 272 984 747 837 633 80 775 491 669 324 223 719 21 685 959 778 826 556 831 29 792 846 241 
112 362 832 338 24 987 6 845 259 990 591 786 312 361 250 803 720 574 26 439 285 401 87 753 226 333 273 946 125 119 187 928 171 709 265 195 696 962 39 645 951 320 120 954 371 370 446 90 634 162 
219 919 563 306 362 479 640 635 115 455 444 993 382 615 701 337 500 86 989 229 421 939 239 541 892 610 911 338 391 234 500 300 153 754 297 205 232 627 530 347 81 975 339 153 589 731 180 780 507 168 
699 929 797 939 469 379 238 70 717 319 304 907 620 147 350 917 352 583 543 883 620 314 857 650 157 135 380 337 605 577 195 304 505 992 242 975 370 170 44 777 490 348 374 109 496 724 716 538 306 949 
420 617 953 967 266 109 793 336 136 87 913 331 391 418 322 323 82 693 184 817 159 674 164 533 473 350 257 879 889 253 827 999 870 469 656 826 578 138 852 714 225 765 44 307 873 56 320 645 439 504 
461 599 177 315 131 340 666 388 218 244 642 735 933 201 203 278 27 471 106 569 184 332 333 919 329 896 976 649 230 104 844 691 703 711 6 835 51 362 222 960 296 554 695 228 446 898 197 163 59 303 
732 243 325 756 853 654 651 518 994 572 622 837 262 325 237 959 850 288 320 71 248 616 316 633 535 762 530 732 615 279 34 346 523 360 101 65 704 443 583 387 14 895 914 967 910 151 926 759 439 245 
521 377 862 837 9 86 288 230 818 903 509 852 939 722 902 40 477 296 173 750 683 878 645 597 844 554 748 769 3 877 14 524 254 566 360 954 652 338 874 159 931 383 701 869 795 603 599 272 899 772 
21 271 649 356 868 493 601 615 261 604 182 966 127 436 221 177 79 563 515 954 722 135 26 423 3 511 716 603 473 304 374 185 575 714 541 133 206 141 438 157 435 620 814 562 746 725 739 826 288 944 
469 700 78 185 813 773 696 218 375 169 522 439 354 788 152 585 611 48 417 48 897 852 669 400 414 414 124 843 239 412 477 398 803 245 583 615 17 970 834 392 138 45 522 182 523 364 767 133 103 183 
182 1000 35 851 399 139 264 213 672 194 626 148 592 118 394 866 733 411 835 566 494 663 612 706 845 134 69 301 959 863 175 140 862 901 991 951 730 945 164 401 829 480 240 111 598 634 977 20 735 501 
587 919 163 889 314 698 713 74 999 671 937 864 811 489 764 491 439 183 126 293 585 955 463 825 65 751 148 732 772 573 232 48 492 85 937 806 783 339 570 472 701 507 25 201 996 790 383 124 663 509 
108 247 153 571 762 910 322 910 641 784 483 564 832 665 339 458 160 122 797 731 284 187 237 309 389 923 789 772 46 452 280 154 389 433 416 151 32 428 751 674 211 233 928 733 588 266 190 749 78 677 
479 52 865 716 52 253 638 841 715 374 983 685 219 372 808 635 213 841 753 964 204 964 888 131 696 475 87 576 223 857 252 392 909 807 107 961 750 435 492 464 500 164 148 719 226 647 43 439 487 796 
93 691 449 981 512 835 145 599 410 59 145 352 451 54 159 249 705 909 374 887 63 874 51 902 282 277 548 325 407 34 811 500 725 950 170 927 784 5 216 884 64 361 927 516 105 776 765 501 374 829 
387 437 703 438 339 675 406 887 691 813 922 501 312 336 451 172 954 925 177 169 499 242 530 425 448 326 200 212 827 574 731 213 702 433 652 40 799 57 927 489 560 538 990 872 565 130 43 518 55 220 
377 244 152 597 669 600 923 559 502 749 823 233 963 524 356 304 564 154 51 181 643 611 409 323 172 664 453 215 872 198 125 248 442 278 846 801 568 768 49 70 517 873 303 169 396 659 473 651 504 214 
832 146 825 931 159 997 595 303 902 156 501 717 405 634 995 941 124 563 398 174 323 915 46 626 774 132 975 246 783 478 460 304 315 975 235 164 971 520 467 562 676 659 279 771 983 964 711 106 216 109 
971 539 714 707 855 178 530 830 114 312 998 575 307 2 239 542 167 901 752 634 462 117 983 431 889 965 395 289 762 611 88 422 841 493 129 695 671 659 214 785 661 212 49 968 905 289 199 71 880 951 
396 341 68 378 773 957 33 858 936 795 158 24 216 999 517 35 694 187 694 908 662 45 810 712 12 715 691 212 786 570 162 872 601 921 250 63 567 974 921 503 768 79 527 674 77 734 710 771 921 93 
369 272 138 178 984 151 893 364 53 369 934 215 240 225 827 180 288 393 153 209 896 611 288 422 285 55 846 685 517 766 468 886 729 607 754 402 448 647 767 501 706 390 406 946 615 232 817 594 626 970 
803 211 271 781 324 246 836 169 931 42 626 398 618 354 695 372 756 833 709 212 333 414 293 430 49 908 352 866 501 668 526 994 880 797 464 203 42 991 62 663 32 688 751 651 732 136 713 488 969 421 
390 993 835 683 422 574 281 774 440 472 132 966 156 11 452 620 905 184 610 967 847 643 655 287 984 386 423 696 564 82 807 955 74 331 327 186 905 608 650 344 771 782 1000 927 483 451 546 387 325 847 
354 862 179 699 149 162 775 262 548 339 34 354 984 799 685 0 675 279 299 325 624 69 797 313 686 280 455 231 357 780 768 711 642 947 99 481 799 875 433 346 213 468 390 887 957 765 887 632 44 185 
647 358 254 443 671 940 413 816 862 771 596 629 171 928 266 271 98 64 145 531 411 48 689 491 935 646 256 821 277 300 6 924 658 951 56 18 581 470 835 442 931 120 761 101 738 26 62 836 91 207 
56 192 255 436 683 880 772 629 701 739 619 397 662 967 37 408 986 618 568 510 750 188 320 511 290 57 227 42 583 8 941 329 891 886 765 264 766 536 893 156 274 202 243 626 168 280 725 153 899 292 
353 648 481 673 849 461 420 767 193 693 465 133 22 356 19 477 310 785 13 893 631 978 94 874 294 263 153 18 106 51 0 460 390 481 823 929 632 934 385 826 626 851 959 338 897 668 816 206 142 519 
789 773 496 884 646 790 146 800 498 943 541 499 402 621 670 916 240 302 539 625 818 164 165 466 503 752 134 8 648 276 527 437 740 22 320 385 503 156 875 0 98 416 189 191 727 860 797 967 852 335 
282 359 189 447 825 382 199 649 390 847 616 917 283 355 630 293 740 132 449 615 823 238 721 703 429 447 562 225 104 103 560 386 152 439 833 667 822 722 316 211 569 622 128 542 667 758 526 96 580 665 
401 92 903 121 795 331 259 46 246 363 840 496 749 992 936 271 659 757 994 665 968 252 286 786 484 953 233 9 48 813 675 450 596 267 261 390 599 210 127 535 263 967 31 11 959 967 974 617 413 657 
281 70 599 257 857 82 900 780 783 638 283 147 778 879 414 730 959 703 940 85 238 203 52 960 905 10 616 568 317 719 224 288 789 823 545 335 596 134 115 68 772 398 906 240 276 9 970 234 713 909 
320 641 802 62 290 707 72 906 274 79 624 189 367 102 702 602 438 988 736 553 55 197 951 651 437 917 661 96 841 63 696 851 394 497 913 684 203 675 279 168 754 593 357 811 695 58 412 132 737 838 
375 482 726 325 133 853 932 794 950 773 547 645 623 941 141 536 624 35 901 903 894 655 495 250 465 880 999 568 12 735 405 387 217 130 403 40 984 24 524 623 797 70 267 110 10 98 336 324 133 236 
917 26 581 411 967 46 981 656 304 993 80 709 70 988 530 163 27 203 187 241 516 675 311 783 785 11 571 120 335 395 356 251 111 938 352 78 674 333 424 978 15 504 376 776 492 596 629 209 489 817 
451 4 491 762 477 966 464 739 85 799 133 131 741 244 759 783 322 432 806 746 99 512 941 166 287 432 452 917 641 632 423 91 636 604 544 804 569 7 542 654 496 675 475 927 609 234 400 622 356 205 
367 456 407 998 312 385 429 764 301 761 395 414 542 722 17 776 215 586 473 447 930 660 812 404 586 420 638 986 41 995 882 99 140 288 96 142 673 216 906 664 977 992 768 208 403 785 675 308 60 147 
755 990 807 566 84 83 986 412 759 27 406 330 817 236 619 913 378 982 128 975 336 795 656 103 694 749 579 368 56 639 515 811 319 12 66 93 95 51 505 544 769 602 875 585 838 183 188 216 164 316 
881 190 802 536 294 495 284 563 553 340 892 758 841 210 770 907 994 555 648 499 790 107 100 664 382 628 847 260 534 701 577 414 582 68 640 566 253 924 128 806 954 19 563 484 921 23 80 914 268 419 
102 57 216 893 411 598 521 257 859 54 649 125 159 230 884 799 796 136 413 614 632 56 633 885 231 553 598 311 157 867 730 259 924 946 152 25 234 363 282 783 417 621 908 266 541 481 65 26 617 168 
640 939 224 964 823 455 206 421 457 363 287 186 313 901 823 155 926 747 518 899 529 625 209 126 892 441 607 647 467 223 815 798 161 729 761 674 184 967 94 641 20 71 517 333 663 29 178 278 776 696 
867 304 10 76 430 902 517 36 548 674 950 362 471 801 91 231 475 966 889 259 296 909 331 503 932 994 533 109 271 999 805 829 994 815 905 113 407 111 841 955 475 790 7 947 281 789 868 756 754 756 
14 740 354 35 242 285 28 465 394 991 154 198 819 147 704 413 951 110 214 791 755 689 581 762 325 862 240 193 307 994 639 321 423 994 357 356 278 75 821 673 756 665 561 264 502 955 367 453 755 581 
243 510 270 514 962 595 65 202 478 372 886 117 384 309 801 431 665 769 196 175 131 953 841 693 216 32 337 584 485 92 855 729 292 815 242 253 100 999 145 578 370 31 385 444 30 185 875 695 955 71 
560 776 714 90 158 930 123 496 203 608 278 749 26 570 563 960 513 663 958 659 241 17 380 316 462 410 192 336 795 837 97 354 612 811 445 771 741 258 266 634 556 234 382 583 804 946 542 6 298 189 
355 539 206 735 546 668 835 738 695 629 574 792 674 185 603 118 956 33 66 912 357 622 145 740 204 639 375 436 336 673 625 691 903 522 116 448 880 951 185 574 270 449 366 944 634 659 61 280 692 818 
191 48 439 27 478 334 666 853 770 1 216 85 383 809 297 499 947 176 139 822 751 409 270 807 352 904 465 103 183 156 921 65 204 360 92 683 694 448 225 153 140 131 929 523 940 225 712 886 402 851 
707 152 951 667 649 302 571 113 96 444 269 16 199 163 66 982 536 450 430 452 604 570 583 532 783 523 758 184 98 850 725 496 1 675 162 650 668 423 453 764 558 722 780 757 575 847 429 111 987 859 
253 590 118 836 813 591 48 260 775 838 109 499 333 801 865 185 450 532 609 593 295 166 314 765 613 579 301 732 380 288 590 633 878 398 159 380 989 207 640 453 44 749 953 67 549 817 253 689 38 862 
281 333 718 285 97 20 865 399 753 935 687 32 568 254 431 727 635 109 624 965 563 359 714 205 426 953 21 679 642 59 230 613 82 948 899 179 659 453 268 101 77 645 133 335 900 564 752 224 364 376 
879 927 735 282 131 160 235 843 530 567 592 760 179 674 398 768 543 56 911 812 157 679 146 290 13 736 545 766 650 599 141 529 525 566 811 346 416 45 188 946 302 470 396 172 143 794 940 376 540 541 

50 50
878 697 219 24 677 923 760 912 688 410 510 519 629 725 84 439 70 191 175 949 827 167 418 222 339 251 706 970 628 245 200 505 942 419 219 309 341 980 220 720 79 421 238 398 145 13 527 907 895 392 
855 721 560 273 634 899 524 339 558 842 585 758 347 216 867 566 525 899 235 436 618 4 547 546 402 382 559 930 288 453 321 834 865 571 106 498 160 320 837 718 162 421 476 199 328 32 455 543 931 691 
979 238 695 215 785 788 598 343 407 886 487 418 409 351 990 515 849 149 526 375 557 378 487 723 267 815 756 722 357 376 102 26 615 488 241 399 275 529 432 682 105 609 790 514 960 779 720 498 618 936 
874 866 313 50 588 270 865 33 992 912 100 94 628 715 272 870 804 547 88 235 919 193 845 708 398 494 177 117 993 485 52 556 350 55 296 629 325 160 352 6 762 452 791 390 857 62 950 660 609 37 
896 217 922 430 616 319 924 793 436 606 968 178 852 8 233 147 637 248 307 679 254 760 822 45 149 678 107 98 338 407 135 924 624 56 353 239 375 276 722 501 573 380 679 424 388 602 572 715 850 569 
393 104 328 214 840 167 893 637 265 921 43 91 844 358 147 887 287 213 853 700 714 425 79 83 540 467 685 111 181 225 370 264 19 389 169 859 556 752 495 512 672 229 603 205 587 750 91 564 653 944 
263 57 59 342 831 599 499 515 400 370 430 770 635 449 849 804 307 95 555 493 607 917 412 209 121 689 649 903 252 993 846 516 49 905 548 880 503 738 84 593 107 515 53 432 964 902 235 962 997 480 
144 293 86 246 192 207 935 532 109 877 524 646 392 263 240 631 833 434 368 917 26 165 121 79 598 776 982 523 427 668 694 261 652 780 507 844 678 131 375 477 7 589 122 90 852 53 721 684 487 779 
291 513 634 102 593 231 878 264 445 995 622 138 255 964 918 452 808 285 583 873 763 591 152 575 681 3 628 91 378 114 560 359 318 193 461 601 115 29 555 560 714 867 388 970 831 996 111 328 281 695 
891 734 976 42 308 346 737 627 437 805 431 687 163 749 880 314 39 685 33 594 244 748 151 322 407 982 318 518 309 599 903 199 22 568 933 330 914 669 957 40 473 78 727 326 827 297 330 557 982 364 
841 917 111 992 238 208 973 246 416 972 535 9 862 557 577 484 888 491 152 534 221 315 612 639 331 129 936 661 376 607 24 216 213 826 208 142 724 871 388 140 533 924 149 84 170 726 568 748 907 410 
282 819 725 584 457 55 403 392 716 779 689 431 686 903 947 584 44 671 144 122 811 677 736 960 451 907 375 18 654 973 118 626 791 843 210 247 588 303 329 995 82 708 115 768 610 61 351 344 732 495 
157 232 863 893 191 313 489 257 22 143 229 140 769 710 674 669 647 952 663 666 946 435 373 751 202 674 813 243 17 234 428 174 467 981 758 348 985 246 605 697 79 524 527 539 924 200 207 570 843 560 
235 478 995 299 229 887 973 41 820 990 275 939 855 742 919 302 781 593 548 385 289 628 600 507 166 523 707 63 93 239 624 18 718 618 317 947 195 289 988 14 970 953 953 514 385 872 816 165 154 363 
240 134 681 840 641 537 53 37 601 837 277 915 855 995 222 863 941 417 842 618 432 501 260 384 14 645 946 830 500 100 884 431 234 254 270 875 792 13 602 82 850 879 997 395 873 909 257 503 326 789 
120 448 290 381 832 995 716 468 515 907 258 398 337 182 342 297 747 133 311 348 215 160 227 902 555 99 811 502 293 827 982 413 274 962 484 796 956 891 263 470 797 521 558 824 393 901 120 139 724 121 
488 940 282 715 531 527 504 341 720 797 167 391 901 441 352 384 928 307 965 190 468 761 402 25 274 795 616 395 625 340 516 112 970 488 827 500 706 20 532 115 818 389 506 408 521 858 482 448 855 447 
328 322 898 730 38 172 215 654 567 840 684 773 642 653 261 468 844 657 178 375 772 686 764 277 93 284 134 576 732 989 713 60 1 610 480 39 782 385 693 38 915 67 812 556 720 763 714 563 419 583 
628 881 268 392 157 52 366 982 628 789 660 340 539 661 640 709 700 422 94 83 460 699 150 962 946 560 414 349 123 833 932 441 713 891 833 560 943 890 541 260 678 201 290 216 552 930 925 252 351 709 
25 502 98 866 153 43 425 568 82 238 90 705 680 494 285 202 53 227 91 285 177 769 176 467 675 728 396 600 670 438 999 695 630 96 560 783 830 676 40 603 914 131 307 593 315 282 796 58 509 577 
343 686 36 519 843 711 938 238 0 607 366 1000 302 996 786 552 779 616 227 819 909 832 640 906 424 955 187 910 13 696 487 46 71 523 566 914 924 193 842 925 800 208 614 792 203 399 34 672 705 261 
181 613 783 511 518 207 156 705 807 169 90 984 215 852 196 471 765 120 354 297 735 154 505 348 946 398 747 980 761 142 932 632 755 714 142 273 611 298 668 418 157 759 91 63 610 288 224 65 98 579 
52 523 733 247 871 368 645 307 348 95 449 970 727 895 683 870 858 294 167 525 402 325 974 183 388 584 471 612 339 259 190 391 782 613 638 342 982 973 340 329 68 789 989 795 373 671 664 230 655 522 
446 747 537 419 931 615 693 91 226 31 41 107 112 823 720 750 856 391 723 195 410 481 674 398 275 47 69 630 968 414 842 413 161 378 833 782 683 525 873 599 557 914 706 669 427 116 109 973 197 522 
167 608 2 841 5 968 578 765 287 546 179 819 959 30 887 791 812 569 6 684 168 253 288 564 612 405 370 721 377 568 933 544 175 625 74 180 283 653 946 570 889 815 389 847 845 275 328 656 535 334 
29 703 277 317 266 889 412 637 300 789 895 232 22 69 548 788 940 831 440 885 400 328 389 479 865 233 445 192 889 980 216 609 372 493 926 328 72 28 655 372 817 549 294 530 618 842 317 558 672 447 
132 763 775 522 932 329 445 376 212 334 45 428 943 107 612 558 436 374 586 90 436 93 640 730 313 948 262 630 505 624 76 328 386 541 540 318 870 985 384 772 8 120 200 641 227 502 890 353 566 165 
444 1 258 774 731 261 721 683 891 917 307 657 244 693 888 474 701 448 458 776 219 157 586 109 798 813 611 687 857 176 853 300 177 801 764 599 62 484 281 643 90 588 300 24 972 187 498 362 635 647 
828 545 804 413 654 601 917 265 288 773 131 831 763 1000 631 526 288 383 700 259 26 791 848 326 815 509 203 313 871 529 650 389 73 453 802 727 744 718 682 31 180 504 552 943 503 874 468 481 256 859 
740 282 649 587 298 463 786 502 466 347 721 806 736 794 258 227 210 2 946 893 724 816 396 276 759 589 149 917 69 95 775 809 378 113 86 676 267 562 177 423 909 588 229 334 71 487 562 282 179 197 
865 594 12 951 560 771 229 399 378 298 494 843 797 872 957 573 548 223 826 415 336 424 3 565 759 74 743 320 46 922 207 911 515 219 861 765 681 89 163 749 77 658 591 565 529 237 828 76 460 653 
182 797 77 876 51 836 950 794 846 997 406 743 597 611 962 458 376 332 237 539 80 315 196 672 570 416 909 397 182 59 50 364 546 818 239 597 343 880 81 879 566 177 621 162 788 582 310 854 605 548 
393 685 553 279 46 122 695 956 209 878 705 259 241 250 76 171 537 109 50 308 988 616 485 608 468 273 881 779 126 485 16 209 169 569 489 216 381 874 862 590 751 566 540 683 506 306 544 733 416 284 
41 403 900 216 11 57 179 582 526 306 66 542 205 926 801 384 832 181 949 693 462 699 949 1 71 144 998 305 878 413 589 609 507 178 825 208 236 4 790 762 0 856 995 896 781 795 971 613 667 919 
996 819 307 635 820 379 779 507 374 346 921 964 955 117 141 470 325 377 164 114 830 855 970 824 750 440 618 720 743 975 638 429 793 636 63 302 14 842 810 78 188 420 41 833 537 183 993 862 250 156 
666 79 701 635 903 141 765 211 551 198 876 880 627 669 515 690 661 219 221 470 297 409 580 339 933 807 522 925 668 772 772 333 852 162 658 444 303 113 345 855 311 221 734 628 580 248 317 240 467 228 
401 764 328 981 793 260 788 314 875 145 777 336 169 318 499 827 452 492 630 798 346 631 709 770 258 288 708 265 218 865 494 619 319 822 600 111 772 77 116 646 222 893 673 391 210 862 909 662 353 538 
149 390 860 858 159 117 836 558 383 745 422 567 363 741 388 653 853 159 420 969 495 643 551 167 724 761 719 322 112 72 551 262 462 410 810 311 527 336 559 600 80 982 166 133 412 244 787 955 93 206 
613 589 539 163 446 954 614 165 966 727 928 516 679 389 926 178 390 143 514 640 433 284 621 600 418 723 534 895 678 628 100 290 216 330 454 352 974 67 207 939 484 134 455 162 213 70 341 294 904 545 
934 337 830 554 627 247 276 160 141 644 788 932 935 694 952 78 737 925 145 944 864 320 78 8 172 291 78 203 585 983 749 208 9 578 762 636 515 729 486 346 372 274 968 997 658 920 74 394 844 911 
338 397 230 106 405 402 87 484 606 673 156 44 881 856 312 333 491 827 752 977 863 814 941 830 811 599 749 885 683 283 795 711 680 715 817 85 117 905 259 413 267 105 457 838 961 769 861 141 285 612 
808 147 116 749 977 927 37 416 501 410 699 296 121 68 701 938 153 508 532 102 921 799 207 67 637 858 526 187 999 811 490 807 648 606 245 315 532 973 731 32 382 119 18 503 187 720 131 31 918 663 
133 529 462 31 596 789 889 813 666 578 623 155 384 962 761 319 276 292 291 697 15 673 506 724 867 383 133 998 414 51 660 238 580 812 960 866 290 538 678 957 115 992 111 189 953 563 508 919 855 799 
305 560 162 501 284 719 884 417 716 989 468 65 226 738 568 876 604 548 413 972 194 529 963 306 408 605 559 917 213 103 405 518 664 257 18 638 976 593 54 691 581 213 447 497 641 14 372 244 252 475 
907 447 694 869 443 102 474 1 709 377 104 113 896 458 371 604 95 346 887 841 728 467 53 174 654 694 879 716 629 130 191 535 577 885 93 19 677 257 20 385 635 816 499 220 273 560 824 369 596 401 
209 323 868 953 187 212 336 65 928 655 196 118 880 463 694 974 173 60 230 193 446 555 699 635 775 973 194 289 341 790 690 240 804 247 192 991 459 528 56 387 183 943 195 62 95 579 726 268 640 957 
152 85 201 851 720 977 823 604 956 854 83 335 93 887 582 285 568 732 814 624 118 687 256 3 749 351 583 165 310 222 812 462 998 12 312 407 679 135 701 634 989 784 969 773 361 241 57 929 973 561 
242 781 247 188 784 687 229 56 852 539 278 663 0 966 365 3 372 44 829 72 678 507 547 337 279 598 578 27 216 550 588 458 330 526 336 804 212 565 861 754 795 829 106 795 795 471 488 857 515 316 
620 884 514 166 220 793 454 798 510 670 37 98 818 57 624 153 861 526 408 411 970 202 240 75 688 725 236 175 581 752 182 891 635 696 747 545 178 200 32 689 870 69 477 377 817 791 530 677 6 629 
88 976 831 18 741 518 743 977 694 13 418 566 905 743 952 651 287 129 852 9 508 411 78 675 479 895 465 8 262 471 637 40 136 158 749 567 676 491 544 59 194 652 625 98 395 576 440 372 396 291 

50 50
382 904 392 150 269 871 736 424 570 998 586 897 728 722 54 476 289 731 657 523 790 851 174 105 640 259 681 79 632 76 60 13 671 452 163 940 13 899 363 583 586 949 479 3 361 224 169 340 645 826 
553 124 367 727 229 6 677 911 776 308 677 836 11 347 287 865 977 300 454 30 573 39 669 743 734 29 967 903 59 301 729 612 425 786 339 655 792 15 255 567 13 932 402 24 970 379 889 946 370 342 
666 633 72 335 375 806 364 31 708 424 332 126 35 448 912 64 793 393 770 47 650 473 669 742 497 328 121 76 965 181 108 630 814 180 965 189 676 19 911 74 133 934 891 859 381 493 924 173 886 383 
911 536 857 269 968 43 598 88 119 562 960 919 882 774 789 847 653 465 556 253 229 689 186 119 547 567 612 160 430 188 544 340 414 90 610 381 133 898 160 944 149 119 862 30 583 340 567 926 805 813 
179 724 501 365 844 739 623 145 899 52 23 132 83 437 222 383 509 46 280 669 680 119 478 231 840 752 571 97 677 66 910 856 790 101 912 633 840 224 469 428 276 492 561 359 620 473 432 128 209 712 
487 889 521 965 119 361 716 691 458 83 757 57 629 236 158 540 870 998 764 28 116 731 520 677 780 830 840 212 958 49 614 134 628 135 790 748 496 195 128 644 278 575 701 908 811 550 137 370 237 902 
398 353 322 609 720 101 128 560 3 777 299 618 911 927 443 700 364 629 896 492 272 864 757 663 771 258 212 909 628 450 500 717 493 822 15 213 613 834 463 617 610 762 925 521 688 367 911 52 996 806 
234 958 670 992 310 130 940 523 38 567 663 228 974 846 49 679 58 353 513 521 660 122 973 584 333 661 641 244 403 326 740 637 283 99 318 593 230 257 806 959 515 158 878 178 4 617 548 753 970 60 
274 629 873 246 903 897 597 543 140 690 869 570 327 842 670 335 125 590 593 931 238 798 780 115 976 784 733 523 536 702 273 500 21 837 437 924 733 724 157 873 414 25 132 431 558 492 766 683 81 48 
613 10 536 82 125 512 556 548 725 783 941 689 282 962 525 409 575 257 824 732 820 237 448 642 358 5 134 123 688 215 863 991 916 398 73 41 600 629 589 15 411 529 704 384 180 919 483 756 175 306 
177 685 233 625 326 591 320 460 405 7 366 267 689 281 355 762 12 956 80 292 971 182 511 364 566 692 282 739 137 147 45 314 832 278 630 848 870 950 999 274 648 364 231 336 335 586 788 348 231 558 
330 892 740 841 255 996 532 227 735 359 374 780 364 896 748 684 434 307 633 432 581 971 486 502 997 821 88 784 859 319 32 188 902 772 29 156 768 251 74 502 301 448 972 665 34 409 348 158 717 671 
590 297 332 75 490 328 586 578 803 135 587 835 323 488 606 42 335 63 985 409 255 285 547 917 640 271 326 988 429 42 348 709 29 680 474 519 8 60 787 501 886 64 335 208 242 631 942 267 385 926 
676 640 901 914 247 540 875 573 527 995 615 565 703 334 245 868 854 253 618 330 754 503 394 779 401 637 99 342 904 484 958 270 124 858 874 61 87 438 634 304 432 939 870 826 272 114 693 816 57 310 
146 501 813 230 279 213 867 378 246 461 863 203 421 677 752 294 428 839 732 61 143 855 1000 12 680 962 126 372 778 874 372 614 374 184 844 653 87 401 721 333 862 273 537 282 640 288 266 67 817 688 
819 960 542 508 972 912 470 788 974 938 661 345 241 725 219 84 67 307 485 789 640 36 752 867 8 82 845 274 840 662 963 659 621 194 166 283 106 326 761 79 263 112 425 504 837 334 279 595 641 764 
383 972 491 825 528 499 907 373 774 437 725 426 95 35 310 261 318 416 278 770 186 541 572 611 736 98 945 14 693 276 468 766 247 649 591 465 148 187 838 612 624 562 37 409 598 347 361 606 454 639 
65 640 870 637 941 605 736 575 309 428 851 468 885 788 116 475 253 264 352 781 876 667 33 603 75 321 641 436 617 785 765 683 424 635 9 364 930 435 629 239 554 480 707 438 958 513 603 901 468 645 
682 33 311 405 637 77 726 968 203 342 752 969 715 866 603 415 229 532 850 858 461 403 27 858 531 676 371 133 576 839 779 257 872 89 352 198 857 77 856 60 110 297 28 825 162 321 239 81 543 780 
630 4 182 657 862 714 332 923 537 599 451 315 856 13 95 899 211 952 976 758 702 776 54 420 291 217 741 530 989 284 1000 618 979 873 966 530 276 988 453 813 586 904 819 132 607 914 30 509 555 5 
266 948 782 10 367 72 227 108 292 907 82 983 524 751 855 489 280 130 477 423 943 62 327 761 194 934 364 224 132 920 921 398 867 392 409 924 154 326 722 446 232 494 428 757 244 973 936 525 102 412 
948 45 165 965 496 49 589 861 274 721 470 885 810 26 276 218 950 430 234 672 566 467 165 685 914 410 657 539 625 450 952 262 495 807 918 681 856 196 541 820 917 10 394 416 727 670 634 677 790 869 
38 46 25 203 421 629 303 768 167 618 217 809 881 402 615 488 83 161 684 624 671 290 325 65 707 51 425 340 418 215 899 456 952 614 350 372 242 653 139 410 962 357 909 532 759 524 19 842 375 703 
156 45 993 171 110 699 913 536 730 331 441 318 787 392 933 827 454 865 480 593 965 131 640 874 663 399 87 682 931 462 384 777 197 66 948 308 766 551 534 185 882 975 503 358 366 125 185 820 991 355 
102 645 486 743 518 148 832 605 830 452 757 904 229 955 970 867 953 425 417 486 300 989 460 494 347 516 619 222 25 299 577 127 945 62 560 462 901 391 758 420 534 204 323 763 158 983 319 801 98 737 
286 398 415 436 892 762 952 201 984 977 500 250 795 444 2 354 597 903 436 44 322 970 248 335 422 97 8 741 898 106 167 875 194 583 310 777 34 262 978 709 929 167 959 723 612 962 768 899 554 203 
943 567 172 881 902 284 978 910 24 566 706 883 440 901 465 750 367 499 702 344 207 631 511 857 43 813 508 811 711 61 704 343 628 566 224 220 850 892 820 875 457 526 757 897 116 912 337 483 100 38 
517 999 359 718 545 403 531 52 213 932 113 608 275 432 173 189 652 23 80 161 588 538 377 34 124 493 636 461 666 736 190 873 424 549 591 969 952 121 20 856 743 825 463 708 256 326 897 598 349 978 
759 627 205 136 661 329 319 296 481 986 723 671 548 146 219 138 115 862 950 135 407 693 650 560 400 906 886 988 503 235 655 953 862 860 88 213 879 97 509 359 773 231 720 321 68 940 459 183 491 99 
8 898 792 659 457 882 254 342 559 758 267 213 400 820 763 178 32 642 275 231 0 739 153 721 59 221 350 208 404 531 307 102 428 789 451 575 671 706 607 920 153 875 133 553 694 896 421 416 537 696 
647 228 434 800 639 183 20 679 392 114 209 699 908 327 488 358 902 849 63 508 768 907 72 901 459 456 487 570 872 23 266 209 942 390 699 270 574 410 949 656 524 848 354 121 174 532 480 766 380 233 
274 148 140 36 739 289 493 225 860 54 940 816 263 571 896 653 842 469 62 790 124 276 638 169 398 502 701 568 268 81 801 232 920 631 268 348 611 451 574 470 506 203 976 459 464 871 111 305 30 173 
786 845 450 113 13 538 615 715 105 883 486 596 805 95 227 73 443 838 214 707 998 720 600 973 870 64 533 981 369 563 845 154 408 985 267 111 522 573 516 317 145 692 913 951 787 139 714 921 667 928 
627 664 338 918 326 207 982 550 187 40 112 722 195 210 706 152 322 918 415 838 234 561 220 147 511 6 977 224 927 644 842 244 998 179 161 14 386 142 564 264 182 366 986 67 577 692 911 589 609 325 
116 534 886 336 681 396 33 347 310 960 681 152 203 679 331 54 383 408 196 637 672 69 2 657 136 269 38 737 548 338 62 665 872 638 691 242 725 724 589 34 374 270 877 267 639 899 322 21 306 208 
348 668 277 350 14 104 310 744 841 858 81 593 212 953 231 594 194 956 7 473 680 381 743 247 339 381 145 661 92 141 869 440 809 837 481 513 941 791 256 471 338 337 64 241 980 986 835 864 631 842 
337 310 914 79 557 252 461 392 603 243 533 161 374 341 998 855 855 628 335 110 790 673 138 544 914 117 529 748 982 159 280 318 159 193 397 717 135 548 108 738 482 332 899 856 673 897 710 217 214 44 
18 3 407 847 547 321 964 75 759 635 925 729 953 84 922 40 491 747 278 289 484 760 621 383 615 985 970 14 892 183 749 910 187 156 756 424 167 410 500 616 44 114 345 998 889 957 728 379 704 5 
359 878 456 980 260 761 964 229 776 856 413 524 455 290 370 902 714 227 311 904 844 45 18 879 42 597 525 460 977 919 466 335 797 612 4 56 372 659 977 147 514 389 362 659 679 422 560 82 650 561 
987 183 607 695 752 339 291 276 800 958 195 956 983 682 567 988 738 939 646 714 777 850 793 138 198 161 250 449 244 900 9 230 773 306 615 524 646 906 491 135 864 686 90 846 57 347 523 795 976 859 
199 752 708 992 580 597 844 831 45 87 420 54 7 193 361 312 407 697 217 898 832 771 273 612 617 330 649 830 816 624 689 14 376 86 696 646 683 539 476 728 316 897 473 13 780 834 325 186 220 543 
84 51 3 47 353 620 378 1 140 193 625 829 207 691 605 593 337 288 823 503 15 138 89 178 843 869 11 167 746 231 400 520 973 404 567 325 714 945 326 854 137 642 372 34 332 978 318 359 265 140 
863 971 278 952 149 120 511 851 979 256 773 378 466 435 472 32 761 186 978 777 730 805 418 102 530 441 770 848 800 725 988 352 385 956 304 224 767 505 75 745 451 538 813 917 973 976 949 423 161 616 
200 581 421 618 373 641 749 142 488 549 867 165 901 252 120 895 166 887 89 932 321 540 469 825 146 132 800 95 555 651 711 755 922 822 63 295 152 502 437 640 741 995 805 332 937 616 226 102 192 6 
34 204 236 193 28 383 15 518 478 571 859 879 15 780 391 769 74 543 271 202 874 11 196 368 343 132 984 260 925 867 957 649 70 192 843 789 575 858 306 743 118 855 312 825 634 703 593 709 936 554 
911 499 256 797 868 599 619 541 549 543 407 505 192 477 698 725 956 963 272 952 706 391 806 17 215 440 410 498 839 35 52 439 535 308 235 402 597 854 633 837 86 40 31 969 207 419 693 163 382 966 
114 778 46 921 485 952 50 895 449 579 620 191 17 154 189 943 246 477 486 880 313 572 610 34 541 817 454 233 670 836 889 785 303 625 395 788 576 135 372 716 714 992 597 731 837 787 673 82 954 849 
652 957 420 261 991 961 78 444 885 748 970 463 222 272 88 307 59 354 442 121 760 155 113 357 576 640 834 939 722 787 787 64 433 207 325 423 858 93 868 432 532 837 586 444 800 364 752 859 718 193 
981 168 39 784 525 615 423 48 554 835 525 340 899 958 547 915 70 95 698 628 527 229 155 803 674 955 166 115 503 575 999 173 743 37 957 958 653 69 5 206 905 220 236 493 868 474 97 938 569 796 
566 786 715 721 589 78 675 445 193 177 19 192 41 762 229 998 719 572 67 414 778 662 324 705 845 191 178 943 820 437 738 385 222 142 796 501 221 470 947 414 337 656 606 68 418 526 66 827 97 824 

