3
2 2
2 3
3 5
3 2
4 1 1
2 1 4
20 20
1 2 3 4 5 1 2 3 4 1 1 2 3 4 5 1 2 3 4 1
1 2 3 4 5 1 2 3 4 1 1 2 3 4 5 1 2 3 4 1 
1 2 3 4 5 1 2 3 4 1 1 2 3 4 5 1 2 3 4 1 
1 2 3 4 5 1 2 3 4 1 1 2 3 4 5 1 2 3 4 1 
1 2 3 4 5 1 2 3 4 1 1 2 3 4 5 1 2 3 4 1 
1 2 3 4 5 1 2 3 4 1 1 2 3 4 5 1 2 3 4 1
1 2 3 4 5 1 2 3 4 1 1 2 3 4 5 1 2 3 4 1 
1 2 3 4 5 1 2 3 4 1 1 2 3 4 5 1 2 3 4 1 
1 2 3 4 5 1 2 3 4 1 1 2 3 4 5 1 2 3 4 1 
1 2 3 4 5 1 2 3 4 1 1 2 3 4 5 1 2 3 4 1 
1 2 3 4 5 1 2 3 4 1 1 2 3 4 5 1 2 3 4 1
1 2 3 4 5 1 2 3 4 1 1 2 3 4 5 1 2 3 4 1 
1 2 3 4 5 1 2 3 4 1 1 2 3 4 5 1 2 3 4 1 
1 2 3 4 5 1 2 3 4 1 1 2 3 4 5 1 2 3 4 1 
1 2 3 4 5 1 2 3 4 1 1 2 3 4 5 1 2 3 4 1 
1 2 3 4 5 1 2 3 4 1 1 2 3 4 5 1 2 3 4 1
1 2 3 4 5 1 2 3 4 1 1 2 3 4 5 1 2 3 4 1 
1 2 3 4 5 1 2 3 4 1 1 2 3 4 5 1 2 3 4 1 
1 2 3 4 5 1 2 3 4 1 1 2 3 4 5 1 2 3 4 1 
1 2 3 4 5 1 2 3 4 1 1 2 3 4 5 1 2 3 4 1 