100
1
83
43391
88535
98075
89046
68382
27857
2207
87131
10390
74868
70335
27072
42807
5943
1018
730
5915
7049
68248
19719
90294
10119
80490
24735
86267
66711
63812
41555
71885
14922
37524
49116
4705
70854
40628
14772
11235
28056
19874
18677
51745
97341
96320
25233
59699
5142
74540
33868
25662
9497
18794
11738
65557
17382
77100
89894
68752
89325
29846
49695
44363
82813
8490
29892
87545
42384
32240
52724
42669
39378
74900
79670
83711
97149
95258
27229
61328
56676
59205
1864
91928
42723
59952
9515
41493
77780
263
16758
17076
24447
21957
54246
34959
49178
47184
31799
76048
28693
