23 97
16 85 40 66 92 77 41 92 14 49 11 100 74 42 76 6 77 8 74 95 35 85 23 
20 15 60
19 16 61
3 7 15
9 19 58
20 10 42
6 11 34
15 16 17
14 15 62
11 8 19
6 12 48
13 5 2
11 19 61
11 9 49
11 3 53
9 19 38
16 10 74
0 9 2
14 9 77
3 7 18
6 14 65
1 7 25
20 3 13
3 16 31
9 8 76
19 9 76
1 11 23
0 21 59
19 4 56
18 0 52
8 16 37
3 15 1
12 3 19
12 5 32
10 3 21
19 21 63
20 5 16
15 13 89
11 9 78
13 0 59
8 14 5
21 5 4
2 5 4
14 16 92
20 5 55
8 10 56
4 13 68
17 0 60
19 8 54
1 6 61
21 1 96
7 0 68
21 6 67
2 21 49
7 9 52
4 9 98
18 10 96
22 5 71
11 6 85
11 3 100
3 1 76
10 6 82
10 14 22
17 22 20
7 9 20
22 7 6
17 0 69
4 20 29
15 10 47
16 12 72
2 11 76
12 7 82
11 4 20
18 9 71
10 5 64
4 17 68
11 18 45
15 20 7
18 15 94
2 3 55
4 17 12
3 21 78
13 9 27
1 14 71
4 21 45
17 15 4
3 16 100
17 22 71
1 14 20
19 0 74
1 20 62
12 7 21
12 15 21
2 11 88
9 4 34
3 12 55
6 21 100
18 8 68
4
21 1 20
90 6 13
89 5 11
6 5 4