1000
11 591 4673
869 4 1386
1604 4 5188
376 26 6839
2 2689 3936
8 1216 7796
5 946 3234
2 489 711
1673 5 8072
1 10000 0
59 3 118
73 39 2093
2383 4 3807
439 17 6913
11 683 5403
14 39 254
53 170 4966
566 11 2093
23 74 1516
195 2 283
27 246 2279
5 1449 5428
145 29 2687
11 898 6468
31 55 62
98 77 3941
11 559 2517
2 451 764
14 508 5114
33 137 3082
1 10000 4999
560 9 3395
2 1404 2520
143 40 4620
19 139 1593
25 73 1500
4 1722 6839
1263 2 1671
9394 1 5024
2 3608 4657
93 37 3354
2 2917 629
2 2111 2626
11 461 2210
152 6 572
8 349 2351
10 463 1206
10 307 470
905 2 1668
4837 2 5019
1 5968 5953
31 60 636
1 10000 5001
3152 3 6136
8 1060 6597
1406 2 1698
1754 2 273
7 716 3297
19 23 430
822 6 3050
113 47 4617
4 305 633
50 133 4714
48 190 7555
2 3407 4227
62 145 2959
315 19 3425
447 11 1147
445 4 1197
1884 5 8087
47 153 6816
33 149 3330
7 463 2265
25 311 6887
525 17 8554
73 83 4620
98 20 988
111 5 380
27 127 1522
10 180 1658
3039 3 199
27 206 4074
2 4013 5667
12 559 6069
7 1423 7911
233 5 848
180 25 1721
4 2203 2908
1014 2 1422
673 14 4957
65 83 2936
1033 7 3972
57 138 2343
25 199 4871
24 264 4979
4 2474 8549
2 2378 4676
31 293 5928
23 337 4852
5 3 5
2 4633 6335
11 21 176
1902 3 2852
2 2479 1301
514 19 9250
1 1510 1043
745 5 1301
10 884 8615
1 9999 5000
11 427 763
58 138 5371
3 2084 4580
3 5 15
11 825 6761
1416 7 1029
3 1453 1470
35 281 7567
55 173 5498
1 9999 4999
297 13 3833
3 281 279
4 101 298
40 71 2409
124 11 998
3 1621 3584
61 20 1080
3 983 2634
3049 2 4167
1169 4 3241
2 4483 4747
1208 7 5819
13 383 3099
4313 2 2574
23 13 165
3 747 621
582 6 3091
179 21 2527
518 9 3246
21 471 9127
416 10 2673
43 158 1210
173 3 394
1 9999 9999
5 1240 2002
4 1902 4225
3 113 304
10000 1 5000
7 484 1842
304 14 3243
1726 4 3635
21 29 25
1 1 0
2 83 164
185 43 4180
1313 5 3592
2 3089 5245
100 100 10000
26 151 2296
1849 5 6956
3 5 6
3349 2 3659
89 21 1059
313 4 148
418 7 2865
2 1986 2109
5029 1 4975
1292 4 4892
957 2 1877
3 2635 5608
2 3347 5993
19 453 4902
3 2981 4010
191 21 2194
819 3 1700
8 622 4761
3 318 694
4 1005 2914
2119 2 2804
4215 2 4312
2 1733 1383
9 1 6
5 3 8
6 524 2944
4 1324 4636
110 5 319
100 100 5001
9 1083 4040
34 278 7098
1897 2 3069
166 60 7384
278 35 8062
9 503 3705
1 9413 7814
79 13 134
7 1231 4660
79 79 3510
20 464 4581
647 10 3715
449 8 2393
5 269 1064
32 97 500
218 34 6866
44 14 612
2 1816 2195
82 68 3695
2 805 1255
2 178 45
2 4952 5863
140 31 3603
155 31 263
2218 2 2924
3 4 12
856 4 3004
944 4 3476
367 3 634
2 3036 3487
16 525 8014
13 708 2762
2 1987 1255
1306 3 2237
47 20 889
987 9 365
29 227 4821
210 1 113
3236 2 5638
3 65 172
4625 2 7431
9 591 4937
2 2267 3749
4 3 12
147 15 1686
3 1758 4916
25 69 1647
2 2138 2782
141 62 7626
23 245 3426
1094 7 4699
4696 2 4849
26 22 462
3210 2 3330
6 1011 3355
1038 9 8538
2 1715 1994
10 401 2673
3 731 1847
2 604 1147
520 5 1470
2 3593 6065
7 473 3167
29 173 609
3418 2 4995
3 1381 233
3 869 169
710 2 343
1033 9 7478
3 617 1840
61 69 3020
17 268 3210
1399 2 2654
43 67 2167
11 259 1311
4019 2 8029
168 9 1148
663 11 2752
2 1397 1560
365 10 2594
100 100 5000
1115 5 4397
56 49 1277
498 19 2812
7 229 1432
10000 1 10000
467 19 4850
1653 6 5702
1 3509 3255
1285 3 2222
683 5 2891
4 2483 5797
26 133 2832
9999 1 0
6 353 320
100 47 3967
674 7 299
2630 3 7504
99 51 4212
3480 1 3410
21 118 1344
11 863 8825
45 204 6403
80 17 1038
745 5 3607
24 298 2990
77 100 6716
89 56 2730
2453 3 7111
3084 2 5359
1046 2 1359
3 3037 8667
6 1082 272
5 3 0
3215 3 6661
82 113 4716
4 2099 941
2341 2 4015
17 151 2289
59 64 2327
4 526 1234
2 2691 3772
3 1445 1239
9 31 237
5 1055 4918
2 3543 6842
503 5 1461
4351 2 7694
8 366 2657
207 17 2899
702 2 1310
23 127 1163
13 294 2423
40 145 3018
4 2393 7560
5 331 150
1297 7 6823
9 1104 2048
18 332 3882
1 8660 4491
107 36 3437
283 27 4327
87 103 5463
15 177 2003
255 35 1200
19 469 8536
8 934 6609
2 4651 8409
49 187 370
10 666 5696
71 90 4252
3 779 1958
1207 3 2849
88 11 960
5 465 1436
72 49 3448
10 656 5609
62 71 4316
2354 3 2301
73 65 1887
3 1031 2148
523 17 4990
2 1205 1258
8 1166 4860
111 63 5922
9 151 1255
3 1754 3959
1 9297 5826
4 887 2440
883 7 5115
130 64 4989
789 5 375
4 1372 3095
1074 5 3981
4 358 1001
911 7 5480
3 1454 1047
1883 4 6750
3273 3 6657
151 30 3710
10000 1 4999
9 188 149
1181 5 5470
1993 3 3065
1513 6 5873
1053 3 2555
939 7 3923
134 69 7878
3207 3 3718
25 348 4644
100 100 4999
2396 4 8181
757 10 3917
52 10 397
237 5 1122
1205 2 578
106 49 5014
5 251 965
13 769 5584
67 15 880
5 3 10
15 55 742
74 7 77
5 930 361
537 14 1266
3 5 14
250 4 782
21 94 1532
11 679 5203
33 18 474
5 950 3438
1 4764 3021
89 86 5849
125 43 3083
5 772 3628
2429 2 3804
6 303 1719
363 5 758
5551 1 3096
5 3 13
131 67 5755
3 902 1801
3 5 8
2 1899 3751
113 41 2513
60 26 134
1 8075 4819
5 3 14
2417 4 4627
1711 3 4150
56 134 5334
13 572 5017
2 2075 3807
865 2 1540
617 13 7062
100 100 0
9365 1 2267
15 499 4676
1597 2 1638
46 78 1863
283 5 911
265 16 3832
439 3 1233
86 7 442
1282 4 2472
3 5 11
1831 5 8253
2 1431 2547
150 61 7935
5 1174 5238
173 17 720
79 43 3375
974 2 561
118 39 4547
125 18 1230
9 314 2663
19 491 5878
4 1973 7429
9 947 5444
36 2 9
1267 7 8716
2 1396 2312
3 2675 4659
79 97 6767
126 78 2394
5 3 3
619 2 757
601 7 3373
13 299 2724
24 205 4184
158 29 4019
1394 2 1122
4 746 2787
7 141 969
13 559 4834
16 32 6
912 7 5796
64 64 2852
3 1701 677
101 97 8140
37 149 4416
341 13 2289
11 58 242
15 276 3861
61 125 5774
149 55 4682
481 13 254
1319 2 1662
13 455 1620
34 9 262
4 1742 4077
20 262 4838
28 113 753
5 499 961
593 11 4915
1424 6 6666
5 1663 6293
2 3890 5550
35 202 4228
25 127 2686
320 20 4161
1721 4 6875
5 702 2072
6 31 103
1578 4 5075
1535 2 2944
59 27 6
100 100 1
14 31 176
3677 2 5584
50 46 1888
89 24 1926
1 9999 0
154 29 4082
206 2 196
3 1450 2887
3497 2 3302
5 1175 4516
57 106 4633
9999 1 4998
99 48 3006
229 38 8239
2469 2 4435
1435 6 5556
551 6 37
379 12 4470
11 901 5830
626 13 7357
1170 7 4749
5 219 930
25 281 3360
6 1547 6070
47 17 489
23 373 6296
622 3 1497
757 2 341
19 28 286
4529 2 6228
214 19 4011
8037 1 4798
3 5 2
7 1088 4217
3 1021 2097
25 85 678
161 47 6411
7 10 44
328 5 881
3 5 4
22 356 6964
6 1334 6864
746 8 4400
6 1005 1107
111 49 3164
3 178 400
4 2421 3478
20 158 2691
1537 5 5441
197 28 4117
55 50 1750
2047 2 2097
1186 6 6045
4 1622 3362
4 337 82
61 14 560
67 3 201
3079 2 4539
9 985 4529
2116 2 2285
22 113 2136
31 178 4736
4 664 1747
14 17 135
5 738 220
17 151 2441
9999 1 9999
1652 2 2648
2209 3 6072
34 255 1833
2 2650 4886
473 11 2863
3 5 7
2 827 1081
212 14 2930
301 4 605
235 41 3919
773 7 3126
29 191 4092
2 3161 5829
5 1586 6010
9999 1 1
154 22 988
293 2 461
416 2 430
279 12 2158
27 122 2567
27 229 4988
5 453 1260
31 55 1334
21 158 393
221 45 9014
5 3 4
9 53 363
2 73 100
4 1196 3523
32 44 970
8 55 213
95 21 1685
128 11 1304
1727 2 2893
3365 2 5250
137 38 3700
7 653 2571
1474 4 5347
8 688 1955
3 1317 2675
202 38 5233
5 3 6
2051 2 2173
4588 2 3210
2 4612 3545
1214 7 4765
511 3 591
75 74 4879
2321 3 6854
107 5 479
881 11 5866
68 81 4385
10 426 2944
22 86 1412
29 141 2337
3707 2 3845
27 151 1399
563 16 5739
2045 3 1908
137 9 260
2 2133 4120
1929 3 4335
3 5 0
3 689 771
2 356 668
1 7065 314
2766 3 7801
22 335 6069
1711 3 3413
5 637 3138
523 11 3818
3 239 614
619 13 6564
2459 2 3582
197 47 443
7 299 1261
7 1068 4045
5 3 7
1 10000 5000
3 1413 4062
39 12 422
1285 2 1610
2 1619 3051
566 13 6804
2 2082 340
25 203 4143
1964 2 3873
5146 1 4633
10000 1 1
1478 1 1383
292 19 1903
426 11 2471
107 73 7488
41 189 6891
3 5 13
1321 6 7102
8 431 2719
53 97 3667
1913 2 3474
5 593 2655
1 9 6
402 13 1252
159 45 2452
2 2386 4115
43 117 4075
953 3 403
23 222 4884
198 23 3388
2 850 860
36 197 4617
19 457 4667
15 2 19
673 9 3332
767 11 980
1 8873 7640
208 10 1801
869 6 3682
107 59 1809
2 4471 8003
3 1472 3352
5 1399 5396
7 443 1781
47 188 4545
58 138 4204
9999 1 5000
22 103 1386
3 436 771
17 340 960
39 229 166
7 377 1636
2167 3 4072
643 10 3069
29 243 5835
5 113 506
293 22 3507
3039 2 4787
1 9478 4807
3 3309 8656
2 3802 6999
111 53 3213
3 5 9
2 2497 3998
24 298 7044
2963 2 4597
80 24 1338
9 1002 6712
487 2 507
33 265 1796
9 694 3653
2 1929 2216
3025 2 4422
314 10 255
902 7 4332
1126 6 4191
40 9 294
2 2256 4271
975 1 133
71 34 1843
213 27 4841
17 13 161
13 647 5251
3 655 1802
5 1979 9042
11 454 4736
5 3 9
1277 7 7959
3 2729 7465
277 31 6963
25 271 5243
10000 1 5001
318 5 1164
61 141 8423
349 19 4359
3508 2 6698
1 2763 1768
227 25 5109
1 6866 2394
2441 3 7060
2100 3 4770
89 92 7602
5 3 2
13 149 358
5230 1 3547
139 17 1465
15 547 4936
210 38 4345
123 74 5780
226 29 5574
2319 1 2091
16 129 1474
1059 4 3174
3 458 147
116 46 5090
5 3 12
11 79 35
2 2165 4258
1361 6 7819
74 11 78
118 2 87
503 8 1653
1 10000 10000
94 94 8109
19 3 39
631 13 7087
4106 2 4247
17 360 4063
344 11 1832
578 6 2162
46 53 1904
2 3331 4539
88 104 8022
133 49 3782
3 2361 4417
1117 2 1612
2168 4 6257
169 39 6186
29 277 6151
2 2887 4188
170 57 7691
471 5 416
10 439 4022
3079 3 5101
29 181 4630
4 74 195
446 6 2410
5 1949 7758
4151 2 5657
5 3 1
5 257 948
311 19 4778
16 16 232
53 43 2121
7776 1 3397
239 2 372
1853 5 7711
2 47 57
17 262 2953
5 1484 6872
2312 3 6183
3 1759 3176
4428 1 3399
383 23 1812
1301 4 4905
1852 5 5812
34 164 1314
6 157 618
3768 1 800
2 631 1235
3246 1 1765
3 214 46
118 5 521
3 5 5
6 593 3070
3 274 658
171 48 2939
5 1149 5160
3 5 10
66 35 979
3 2811 5778
3 5 3
887 11 6656
29 13 278
3 1657 3735
18 69 496
3 2851 1853
2819 2 5213
2 149 82
508 8 1459
11 302 2683
1402 2 1562
67 89 5495
55 44 2166
338 5 1615
273 20 4446
21 290 2451
55 109 3133
2715 2 38
17 340 3603
70 140 462
19 79 780
88 83 5717
1234 4 3648
1461 3 2478
4451 2 8185
17 131 1667
6 1019 5074
84 118 7160
8 731 4178
8 44 247
5 3 11
9999 1 4999
6 1303 946
65 20 1234
5 173 641
1 9999 1
55 175 8933
2 3965 5520
3 745 1856
446 20 6718
19 67 356
197 16 1934
404 19 357
3 2175 5969
323 8 1929
467 12 109
8306 1 5709
479 8 1796
3 1082 2561
211 30 5845
10000 1 0
2 1585 2317
51 124 4905
421 19 6517
1 10000 1
13 323 3812
24 2 43
5 1490 5756
2243 3 551
395 25 8575
1453 4 1806
103 9 770
1189 4 3024
2 2255 3943
2188 4 5981
3 106 293
1 1 1
9 912 8124
1327 4 4191
21 6 29
1747 2 2923
133 67 7823
337 15 4585
35 175 5033
1319 3 3546
888 6 2153
142 10 8
41 226 8233
6 917 3703
76 46 3156
64 62 3739
2 1724 1752
929 9 1489
22 371 7909
3 2246 5597
3 1192 2364
7621 1 5169
260 19 4057
57 158 6475
5 1114 2089
1131 6 4771
2 202 3
27 223 3516
1456 3 4254
3213 3 9100
36 188 4572
5 31 95
4 788 2808
4682 2 5206
4 821 2187
3 1282 1532
2144 4 3452
54 157 29
3 2306 5090
3 2481 7019
380 4 1445
3 2641 5373
2 2529 3925
5 999 4459
23 39 533
1 9999 4998
2 3149 1096
303 15 4340
124 16 1968
3 286 447
7 1373 3971
4 205 551
14 694 5163
337 7 1826
1 6086 5183
59 161 7977
180 1 174
7 83 520
37 215 4404
2189 4 161
172 17 2059
4 1669 5496
12 133 354
53 154 7301
865 11 7885
807 3 1191
13 595 5315
2 4262 4870
2 172 219
427 14 5180
4 1658 4648
8 984 825
1786 2 2473
27 17 362
557 16 8381
9 674 5072
569 16 8524
4 1239 1250
13 507 5041
3 659 1759
3 255 483
6426 1 1723
7 25 62
358 25 8781
1059 2 1899
182 49 7697
30 134 3118
1139 2 2231
5 1767 7467
4 973 2154
2348 1 1249
2 3763 4996
897 2 1002
1327 4 3465
4 623 1737
3 2587 5715
334 11 769
3 5 12
5 3 15
4 1604 5680
1021 6 4748
274 16 3587
4 866 3345
485 5 2184
867 8 4690
79 76 5609
1699 2 2283
3 5 1
2137 2 3163
1361 6 1153
691 3 933
112 58 5730
4 599 1504
6 199 684
2517 3 1369