14
1
1429
2134
1546
2337
967
726
2391
1192
1468
2585
8151
294103
113586
269328
5203
16964
3383
45705
277210
117573
288338
145102
5604
291964
80363
189171
117667
37615
52974
135228
36152760
19498288
30509984
10046645
797439
18862229
15369760
17753548
5908885
9843678
1014780
3113165
18784715
2775578
16079557
21670814
29030573
41214411
10772620
2236840
4258170808
684087555
968066252
669935536
1812815959
201833477
1410967899
3575113831
1310438130
3949090440
757847849
695700904
2791724631
811653644
1313919230
2123754952
3343628765
77598124
2418712479
864533486
2339086788
1557803536
648577277
2485244708
624742714
2816792479
263505395
3683887259
618844663
1209146545
1962959095
759592675
2648805977
3100956118
391856232
1893939377
62993923
348223585
192329625663
270620569628
297700362030
335077986428
11802456093
10735478615
47804433708
134864303083
392549728971
189042496229